Helen\61.png
29
17.5397 95.4887 19.7 90.3
111.32 82.6982 110.6 84.1
50.663 92.0183 48.6 87.1
77.9514 89.6665 81.3 85.3
31.9948 85.9467 34 82.4
30.2431 92.4009 34 87.3
94.5855 78.7193 95.5 79.2
94.7427 85.1715 95.3 83.8
27.1227 103.275 27.2 102.7
104.1 96.8732 106.5 97.4
51.2309 102.328 49.2 103.9
80.7036 100.613 83.4 102.7
37.9564 97.5672 38.7 98.1
38.7082 106.315 37.9 108.1
93.1814 94.0843 95.3 93.7
94.0689 101.581 98.4 103.3
38.9616 101.05 40.7 101.9
92.1995 96.0998 95.6 98.5
51.9416 133.402 51.6 134
82.8371 129.653 84.3 132.1
68.0217 128.033 67.5 128.4
67.5637 138.433 67.7 138.4
46.4539 154.883 49.8 153.8
91.6077 150.408 88.3 150.9
69.5518 148.678 66.7 150
69.2857 151.995 67.2 154.4
69.4237 153.55 67.1 154.7
69.3632 159.862 68 160.8
74.4089 188.75 70.5 180.4
