Helen\56.png
29
152.278 141.096 153.8 139.9
252.734 152.704 256 151.5
185.525 146.846 182.8 143.1
211.649 150.646 223.1 144.4
168.17 134.712 168.4 134.7
166.803 141.193 166.7 139.8
235.806 142.956 238.9 140.8
235.598 147.921 238.8 145.6
157.027 155.067 159.6 157.2
240.901 165.866 243.2 168.9
181.828 159.447 184.7 160.9
214.513 163.727 214.5 165.6
170.406 151.577 170.4 154.4
168.667 160.494 170.6 161.6
228.455 159.217 226.7 161.3
227.608 168.921 226.7 170
170.254 156.144 168.4 157.3
226.983 163.161 223.2 164
178.573 195.345 176.5 196.8
210.686 199.655 210.6 200.9
195.052 195.194 193.1 194.5
192.77 205.537 191.3 204.8
166.31 217.674 164.1 218.1
218.568 227.215 219.6 227.2
190.646 217.154 189 216.9
190.549 222.191 188.9 224.8
190.296 227.296 188.8 225.6
190.18 234.108 188.4 233.5
187.644 262.188 187.4 266.8
