Helen\33.png
29
73.8266 82.3693 76.4 79
178.653 86.2497 180 84.3
110.704 85.1237 107.6 77.2
137.613 84.8399 141.8 82
94.1273 71.4175 87.8 72.4
90.3514 79.4467 88.3 76.1
162.371 78.1106 159 77
160.976 83.4112 159.4 80.6
83.4466 93.6134 84.4 94.8
168.984 96.9512 167.2 98.1
108.824 94.5219 110.4 96.9
142.247 96.1037 142.3 100.2
96.6681 87.6443 96.1 88.9
95.4154 96.6452 96.7 100.9
154.792 91.052 154.2 91.8
154.509 100.872 155.1 103
96.2079 91.159 98.8 93.9
153.996 95.0736 153.4 96.6
104.615 127.278 107.9 132.3
139.381 129.643 140.4 131.8
118.493 125.028 124 128
119.86 136.19 124.3 137.7
99.3718 145.527 103.3 148.2
148.786 146.492 148.9 150
123.914 143.889 125.1 151.1
123.304 147.868 125.2 153.1
123.26 149.339 125.2 153.6
124.14 158.365 126.9 160.2
121.265 185.09 127.6 184.8
