Helen\67.png
29
133.196 134.137 136.5 130.3
226.619 130.23 226.5 128
168.417 133.577 166.9 126.9
194.452 132.637 197.3 129.1
151.008 124.342 151.7 121.8
150.336 134.094 151.6 126
209.813 117.143 211.6 123.9
210.195 130.616 212.8 127.9
142.129 143.442 141.7 142.9
221.899 145.111 220.3 144.2
166.098 144.439 163.5 144.2
197.892 145.004 200.4 145.7
153.432 139.034 153.8 138.9
153.218 147.32 153 144.1
210.472 139.602 210 140.1
209.317 146.165 211.9 145.9
154.457 143.201 154.4 141.9
208.848 142.74 209.4 143.7
165.268 176.021 163.4 172.5
196.128 175.469 200.1 173.8
180.23 174.742 185.4 168.7
181.637 182.498 184.8 180.4
154.754 196.348 154.7 197.1
206.808 198.362 209.6 196.1
180.416 191.229 183.5 189.6
179.783 196.708 183.2 194.5
178.625 203.883 180.5 206.4
179.957 213.028 181 215.3
178.786 240.69 181.3 242.6
