Helen\330.png
29
80.5209 116.182 81 119
176.473 94.3733 179 96
121.477 110.777 119 114
145.107 106.077 145 108
101.639 108.334 98 109
100.584 115.305 98 114
162.332 94.9582 161 94
164.095 99.018 162 99
92.3014 127.901 92 130
173.732 111.877 173 110
116.594 125.632 117 126
149.888 117.85 149 117
104.924 121.274 104 122
105.892 130.369 105 131
159.87 108.826 159 108
161.946 117.437 162 117
105.522 124.71 104 126
161.89 113.96 160 112
123.974 155.185 125 157
156.333 148.478 157 148
141.588 151.803 142 153
141.014 161.591 143 161
118.258 176.054 116 176
167.728 168.905 169 163
142.603 170.969 143 169
144.535 173.41 144 173
146.888 179.753 145 179
146.218 187.501 147 187
153.005 208.266 151 211
