Helen\118.png
29
27.4952 67.6821 25 71
126.628 62.4339 124 59
61.4273 65.7178 66 71
87.2988 62.7067 88 64
44.9553 54.2568 44 65
42.7915 63.1874 44 70
108.418 53.2193 107 55
108.829 60.5841 107 60
34.4076 81.3123 33 82
118.324 75.0706 116 74
59.5537 80.4783 58 81
92.0753 76.637 91 77
47.8618 74.081 46 76
48.6595 83.2059 45 85
103.793 69.0509 103 70
106.58 77.0425 104 78
48.8581 79.692 44 80
106.202 74.3393 102 74
62.0129 111.378 63 112
94.2011 110.728 95 111
76.0333 106.85 79 107
76.0951 116.999 80 118
52.174 135.123 55 139
105.159 131.802 104 135
78.3259 131.202 81 132
78.3711 136.41 81 136
78.707 138.482 81 139
78.8589 146.027 82 146
77.1683 178.921 84 173
