Helen\162.png
29
81.8987 72.5664 82 74
177.674 71.3519 178 71
118.407 72.6519 118 71
144.566 73.0553 145 74
98.2783 66.3228 99 68
97.9378 72.9179 99 73
163.795 65.1065 163 67
163.615 72.0408 164 71
89.936 80.9026 91 79
170.462 82.0929 171 78
114.159 80.8573 115 79
146.593 81.3452 148 79
101.954 75.8533 103 74
102.123 83.9329 102 82
158.611 75.3008 160 74
159.395 84.9973 160 81
102.03 78.1652 103 77
159.784 80.0008 160 77
114.598 115.951 117 115
145.401 116.728 146 116
128.681 114.435 133 115
130.686 123.389 132 123
105.716 137.948 107 133
157.443 137.813 151 134
129.666 134.387 131 133
130.778 137.873 131 137
131.333 140.901 131 139
132.461 147.152 131 144
131.97 175.609 129 164
