Helen\87.png
29
115.245 159.006 117 162
215.048 135.538 214 135
146.79 159.109 146 160
171.058 151.832 170 150
130.226 153.235 129 157
129.684 161.481 130 163
187.949 134.507 189 136
190.37 140.897 191 141
132.255 173.517 129 171
208.198 152.466 207 149
151.065 169.221 151 167
182.616 158.051 182 157
139.801 165.316 138 163
141.557 175.538 140 172
192.216 149.614 192 148
196.46 158.437 196 156
142.628 169.372 141 167
193.682 153.077 195 151
158.236 203.424 156 202
188.883 195.846 188 193
165.979 200.455 164 198
172.892 205.65 170 206
162.999 223.946 166 223
209.663 212.529 210 211
180.587 216.219 180 216
182.097 221.44 183 220
182.846 223.632 184 223
186.576 230.227 187 230
192.916 252.925 197 253
