Helen\200.png
29
88.4097 151.98 92 153
191.632 136.578 192 130
126.552 144.119 127 148
151.809 137.726 153 142
104.807 140.151 108 146
104.934 145.696 109 150
171.805 125.495 171 130
172.23 133.396 173 134
99.5273 157.559 101 159
184.778 146.197 184 142
125.476 156.737 126 156
158.646 150.942 159 148
112.979 151.505 112 152
114.389 162.061 114 162
170.079 142.043 170 140
171.411 149.717 172 148
114 156.62 114 156
171.173 145.496 171 143
129.341 189.868 134 190
166.324 182.755 167 185
145.936 186.056 150 187
149.486 191.588 152 196
122.355 212.945 131 209
179.989 203.406 183 201
152.6 202.63 156 204
152.591 209.659 157 209
153.09 213.445 159 212
155.14 217.597 160 219
156.406 247.924 167 243
