Helen\315.png
29
107.047 144.196 111 134
203.956 155.39 201 158
140.465 143.101 139 142
170.858 151.208 170 151
123.401 135.323 123 131
122.592 141.423 126 136
188.474 149.404 186 149
187.536 151.773 186 152
115.071 153.71 121 152
193.876 165.021 191 165
138.344 156.643 137 156
170.927 164.08 171 162
127.767 150.219 129 149
126.775 157.84 128 157
182.58 159.311 182 159
182.449 166.951 183 167
128.421 154.88 128 153
182.174 162.267 182 163
136.505 188.97 135 182
166.106 195.523 163 188
154.275 178.387 148 180
153.19 186.479 148 189
129.518 207.105 129 202
170.291 213.44 164 211
151.861 198.94 146 200
151.785 215.785 146 205
150.265 208.062 144 207
148.794 219.633 143 213
144.46 241.913 142 233
