Helen\10.png
29
112.463 132.498 120.5 124.3
215.001 121.703 216.5 125.7
156.441 133.556 150.8 130.2
182.726 131.054 181.4 131.8
135.502 124.478 135.8 124.3
134.705 131.914 135.9 128
201.437 122.113 197.2 124.4
201.298 128.884 196.9 129
128.619 138.041 127.3 133.7
208.734 133.776 209.2 133.9
151.985 140.071 154.7 136.7
184.942 138.748 183.9 137.5
140.082 134.849 141.1 137.3
139.623 140.922 140.6 139.3
197.036 131.884 195.9 137.2
197.467 137.775 195.7 139.4
137.532 137.291 140.9 138.5
196.684 135.479 195.7 138.4
151.485 165.071 152.8 165.8
185.995 166.025 187.6 163.3
167.747 167.754 168.6 173.8
167.341 173.68 168 177.3
142.18 183.583 143.6 171
196.77 177.948 197.6 170.3
169.197 178.859 169.5 178.3
169.769 183.409 169.7 180.4
169.84 186.225 170 186.7
169.891 193.144 170.1 194.3
171.219 218.115 168.5 216.3
