Helen\254.png
29
153.307 172.693 157 164
256.86 162.857 260 162
187.705 162.845 188 162
214.811 158.544 212 161
167.379 153.887 171 154
168.42 162.447 170 161
238.735 141.391 236 152
236.902 158.352 237 159
161.733 177.384 168 175
248.176 170.346 253 172
186.897 174.082 191 174
220.532 171.813 223 174
173.057 170.098 181 169
173.716 180.12 178 177
234.325 164.864 238 168
235.197 174.611 238 176
175.373 175.205 184 172
235.088 169.39 241 171
186.537 209.845 181 208
221.523 208.281 219 206
202.464 208.496 190 204
204.425 219.268 195 216
181.865 240.012 185 236
240.222 236.872 243 236
205.348 231.917 203 229
206.486 238.247 203 234
206.057 245.882 204 246
206.194 254.804 202 256
208.113 284.581 206 279
