Helen\276.png
29
94.3704 77.0006 87 81
190.586 59.1472 187 56
133.877 77.5159 134 77
160.014 73.3499 159 69
113.382 71.3566 107 70
111.064 76.7115 110 78
174.542 57.1141 174 55
176.287 63.6315 175 61
104.308 96.0715 100 94
186.201 80.3981 178 76
130.03 92.3205 126 92
163.478 84.7776 158 84
119.53 89.8166 113 86
118.584 98.0136 113 97
172.196 75.4562 168 74
173.665 83.3336 169 84
117.867 94.4565 112 91
172.335 79.992 168 79
140.59 127.881 142 129
172.835 118.537 177 121
164.534 123.245 168 124
163.046 134.559 166 135
125.234 155.222 127 155
184.658 145.515 180 142
157.033 145.854 161 144
158.59 150.57 161 150
160.154 159.097 162 161
162.069 166.948 164 172
169.866 200.972 172 200
