Helen\41.png
29
55.2938 87.6504 59 88.4
148.581 94.4965 146.7 88.6
88.8337 91.041 82.2 85.2
115.841 93.4561 123.4 87.7
68.5661 87.092 70.2 80.8
69.5837 91.366 70.5 86.3
136.402 87.2315 133.4 83.5
135.42 91.635 133.7 88.3
62.4713 104.749 61.8 103.9
142.961 105.993 146.2 105.8
87.0603 104.265 88.8 104.5
117.739 106.887 120.2 104.5
74.7609 99.3656 76 100.4
73.987 105.223 75.7 105.3
131.192 99.3824 132.4 101
131.597 107.282 133.5 106.5
74.2811 104 76.4 102.9
130.947 104.122 132.7 103.5
84.2606 130.021 85.1 132
117.986 131.452 122.8 132.9
99.8598 124.29 104.5 126.9
101.395 138.214 104.7 136.8
78.2123 149.051 81.2 153.2
121.066 151.191 125.7 154.5
101.655 146.126 104.3 147.7
99.7103 150.392 104.3 155.8
99.5235 152.98 104.4 156.4
98.7622 162.206 104.1 163
98.5627 181.831 103.3 185.6
