Helen\208.png
29
131.365 134.97 131 135
229.286 139.799 230 141
165.951 138.538 164 138
193.135 140.172 194 138
146.128 129.796 147 128
147.267 135.136 146 134
212.696 131.147 213 132
213.264 138.259 213 137
140.298 149.653 141 148
222.43 152.779 223 153
163.839 151.519 165 151
197.249 153.221 198 153
152.15 144.358 153 144
150.702 154.419 153 152
209.679 147.722 210 147
209.592 155.952 211 155
152.616 149.238 153 148
210.408 151.458 210 151
160.616 184.269 160 184
195.237 185.452 194 186
175.276 185.361 173 184
175.877 195.276 174 194
152.513 204.644 154 204
209.439 208.044 208 206
178.164 203.616 178 202
178.604 208.949 178 207
177.997 216.62 177 215
178.345 225.354 177 223
178.226 253.954 176 250
