Helen\152.png
29
152.757 141.105 153 147
250.472 133.328 246 136
191.36 140.973 191 140
216.386 139.088 216 139
170.28 134.402 171 136
171.404 142.161 171 142
233.641 128.593 232 130
231.421 135.917 232 137
160.286 153.811 162 156
243.82 146.456 241 149
186.568 152.173 185 154
219.925 149.99 219 151
174.779 148.658 174 150
174.783 156.252 174 158
230.551 143.589 230 145
232.523 152.776 231 152
174.921 151.386 174 154
231.444 147.902 230 149
191.573 184.941 192 184
224.421 182.763 224 181
208.598 179.562 211 178
208.867 192.879 211 190
180.899 211.767 183.2 212.8
235.668 208.278 235.6 207.4
209.41 205.418 211.7 204.9
210.497 211.196 211.3 210.4
210.08 217.224 211.5 217.6
209.213 225.1 212.4 230.7
210.773 254.878 215 254
