Helen\280.png
29
126.659 132.588 133 143
224.756 128.1 224 132
163.01 134.594 166 142
190.621 134.684 190 138
141.033 119.706 151 137
141.615 132.597 150 142
212.319 125.158 206 129
211.268 128.744 207 134
137.254 141.063 139 152
219.92 145.827 217 143
161.597 149.809 162 150
194.18 148.286 194 146
146.637 138.688 151 146
147.889 151.259 151 153
205.418 139.697 205 140
205.434 149.691 206 147
149.196 148.367 151 149
206.081 144.846 205 143
161.266 181.219 164 182
197.432 178.187 197 180
178.735 174.669 180 179
177.276 187.793 181 188
158.382 200.205 158 204
210.407 196.573 209 199
180.881 196.37 182 198
181.388 202.436 183 204
181.039 207.221 183 206
180.603 212.883 183 213
182.873 244.308 186 241
