Helen\14.png
29
123.474 71.0427 123 77
215.983 35.6288 215.7 31.3
160.552 53.628 151.3 63.1
180.297 41.4245 177.5 46.6
138.873 60.1746 135 62
138.495 66.1012 135.1 69.4
199.63 30.5937 193.2 30.6
200.61 34.831 195.5 35.7
138.622 82.1556 139 87.7
212.56 50.9139 211 50.9
161.828 74.213 162.1 76.6
189.258 58.041 189.4 61.5
148.477 74.4906 148 76
152.244 83.9952 151.2 84.7
198.133 48.4949 196.8 50.1
201.037 57.2289 202.4 58.6
150.512 78.5444 150.9 79.5
199.468 50.8441 200 53
170.597 105.881 171 109.4
202.723 91.5906 204 92.8
185.647 96.526 183.5 102.2
185.55 105.725 188.2 109.9
168.862 129.739 171.4 132.5
228.278 108.436 227.6 106.3
196.017 117.33 194.4 116.6
197.983 122.461 198.3 123.2
198.171 126.944 203.2 130.5
201.944 132.177 206.3 139.7
211.933 166.987 216.8 166.2
