Helen\92.png
29
145.311 139.774 149.2 140.1
250.777 139.711 249.6 140.8
189.183 138.935 185.7 135.4
211.41 138.45 217 136.9
168.508 128.646 164.8 129.4
167.523 137.536 165.7 136.5
232.261 131.429 232 132
231.554 138.138 232 138
157.723 148.924 158.9 151.8
240.915 149.949 239.3 153.4
183.593 149.666 186.5 151
217.363 150.962 216.1 152.8
172.605 143.597 172 145.8
171.464 152.772 172.4 154.6
227.508 144.548 228 147.4
229.779 155.606 228.1 155.9
172.475 146.027 171.7 149.6
229.782 150.496 226.5 151.8
185.877 186.433 185.9 192.2
219.635 188.526 221.2 191.3
206.484 186.337 205.8 187.7
202.823 196.629 205 197
177.94 212.431 178.3 211.9
226.076 211.928 224.7 213.7
201.843 211.737 203 210.4
201.439 216.772 202.4 215.7
202.435 216.728 203 216
201.416 223.474 202.8 224.5
202.801 254.729 202.9 256.2
