Helen\73.png
29
67.843 99.8707 69.8 103.8
166.09 104.339 163.4 106
105.038 101.495 105 104
130.864 104.27 130 106
84.6003 93.8057 87 96
84.5403 98.967 86 102
149.887 96.9872 145.4 100.1
148.55 105.791 145.7 106.4
76.1179 111.747 76.9 112.5
157.501 115.834 158.5 117.2
100.277 113.983 100.9 114.2
133.43 115.274 135 116.4
89.6475 108.377 89.2 107.9
87.6479 116.587 89 114.8
145.03 110.977 147 111.3
144.98 119.945 146.7 118.8
88.6011 111.631 89.7 111.5
145.555 114.301 147 115
98.0046 145.304 98.7 150
132.345 146.703 130.1 151.1
111.931 147.409 111.8 148
112.774 157.703 113.9 158.8
87.4864 167.081 86 162.9
144.984 168.762 145.6 165.3
114.897 164.892 113.7 166
114.821 170.298 113.6 170.5
114.83 177.16 113.3 178.7
114.8 185.855 112.9 186.7
113.931 216.134 111.3 218.4
