Helen\86.png
29
144.675 154.794 145 155
245.737 149.637 247 153
178.77 153.215 177 156
205.121 150.608 204 152
160.497 146.164 158 147
160.584 152.023 159 154
225.779 140.248 225 144
226.219 147.835 226 150
154.384 166.062 154 168
237.924 163.809 236 166
177.318 166.989 176 168
210.354 164.781 210 166
165.959 161.037 164 162
165.065 170.755 164 171
222.516 157.831 222 160
224.241 167.752 222 169
167.234 164.512 165 166
223.708 160.919 222 164
172.254 206.687 172 206
205.582 205.524 206 205
184.495 203.215 184 204
186.862 215.117 186 214
169.004 234.32 170 232
224.624 231.054 220 231
192.87 229.087 193 227
192.526 234.867 193 233
193.301 238.439 192 237
193.566 248.724 193 245
197.961 280.419 194 277
