Helen\277.png
29
62.1804 93.2457 62 89
158.761 92.6278 158 91
101.301 92.0591 98 88
125.577 91.9887 123 88
81.013 81.8559 80 80
81.5362 90.5122 79 86
144.185 84.0897 141 82
145.044 90.7189 142 88
70.8002 105.629 71 106
151.734 103.071 152 106
96.3096 104.986 95 106
130.8 106.083 128 105
84.0498 99.3252 84 101
82.6587 108.106 83 109
143.536 99.7569 140 101
142.921 109.123 140 108
84.6673 103.937 84 105
141.624 104.076 140 104
96.6335 140.336 96 141
129.798 140.524 128 141
116.159 138.375 113 137
112.437 148.428 112 147
88.555 168.513 89 169
136.806 168.678 136 169
113.151 163.099 112 162
113.181 167.727 112 167
112.684 170.188 113 170
113.751 178.626 114 176
113.871 210.07 115 207
