Helen\46.png
29
166.902 179.462 167.4 188.9
275.573 151.724 262.8 153.1
206.923 168.752 200.6 176.9
237.249 164.488 240.1 165.5
181.594 165.501 181.8 174.7
181.79 171.177 183.1 180
250.201 145.016 248 157
250.739 150.151 250.3 161
175.057 192.612 182.1 197.6
267.534 169.831 260.3 175
205.803 187.853 206.9 190.7
237.592 181.566 237.6 182.2
191.969 185.882 191.8 189.3
191.413 195.015 195.2 195.2
251.167 169.813 246.5 175.2
251.489 177.009 249.2 180.5
189.685 189.286 192 192
252.888 174.439 246.6 178.2
213.447 213.938 210.8 216.8
247.112 208.335 250.3 209.2
229.241 210.218 235.3 210.9
233.31 221.295 235 222.5
201.443 245.137 207 246
262.507 228.792 264.6 230
233.958 232.691 235.6 231.2
233.935 238.159 237.4 236.3
235.302 247.737 240.7 249.6
235.035 253.114 243.7 259
241.021 290.429 246.3 291.2
