Helen\185.png
29
90.1946 106.791 93 106
183.73 112.978 190 113
123.689 107.113 123 107
148.599 108.99 149 109
105.289 97.6552 106 98
105.328 106.914 106 105
171.256 104.196 169 104
168.801 109.914 169 110
96.8861 120.16 97 121
178.231 125.028 180 126
121.608 122.215 121 123
153.122 124.051 152 124
110.404 115.261 108 115
108.252 124.844 107 126
165.428 118.28 164 118
164.876 128.362 164 129
109.345 120.386 106 119
165.441 122.803 162 123
115.538 158.968 115 161
146.965 161.179 151 163
127.594 154.35 129 156
127.309 167.308 130 168
107.255 189.049 107.7 192.9
154.581 192.806 156.3 200.1
132.123 182.144 129.9 183.6
130.908 188.277 128.7 192.5
130.206 193.383 128.7 193.4
129.284 203.609 127.6 203.7
127.617 237.794 130 234
