Helen\325.png
29
162.176 152.673 163 150
266.31 148.421 262 140
203.87 151.224 202 149
231.411 152.383 233 153
183.475 136.344 181 141
183.55 150.124 181 147
249.667 143.127 248 139
250.272 146.623 248 145
174.464 166.515 174 166
256.781 161.935 255 158
201.99 167.525 200 165
233.09 165.039 233 164
187.522 162.434 187 159
188.198 171.402 187 170
245.643 158.03 243 154
244.786 166.289 244 166
188.118 165.254 186 164
244.733 162.144 243 160
201.713 201.565 204 203
235.641 199.792 239 201
220.677 198.773 226 201
220.612 207.843 225 210
192.445 228.125 192 229
242.162 222.189 241 220
217.706 219.711 220 219
218.288 223.721 220 225
218.056 229.705 220 232
219.398 237.642 221 241
217.597 268.448 219 267
