Helen\13.png
29
92.8741 29.8432 97.1 30.8
191.345 32.9224 188.8 33.8
126.003 37.7001 122.5 36.7
150.488 37.9666 153 35.2
107.841 27.0321 109.6 28.8
108.088 32.9677 109 32.3
174.542 28.2285 172.9 29.3
171.23 33.598 173.1 32.7
102.251 42.4617 103.3 41.4
183.341 46.4996 185.7 45.3
123.807 45.9312 125.4 46.4
157.808 46.8289 158.1 49.3
113.316 38.5884 114.8 38.4
111.374 48.9398 113.1 48.5
168.767 40.8968 172.8 40.5
169.538 50.2852 173.2 50.2
111.47 43.6377 117 42.3
169.46 44.664 174.1 44.6
118.67 80.1109 119 82.6
153.806 81.6198 157.4 85.5
131.309 81.6271 129.3 85.7
135.159 89.2351 133.2 93.7
115.804 100.43 116.1 99.7
165.118 104.37 169.3 105.1
139.362 99.814 135.3 103.6
138.686 104.067 135.4 109.7
139.145 107.794 134.8 110.4
137.883 115.401 134.7 121.3
136.147 143.493 139.1 146.3
