Helen\245.png
29
138.324 158.202 144 161
228.189 137.11 232 141
172.672 151.795 174 155
195.821 148.014 197 150
155.213 149.604 160 152
154.64 152.465 160 158
214.364 135.419 216 142
213.9 141.435 217 147
150.234 168.21 149 169
223.922 153.435 225 153
172.223 162.507 170 166
201.613 155.604 201 156
160.921 161.192 160 163
162.637 169.732 161 170
211.855 150.047 213 151
215.137 158.218 215 157
162.314 166.19 161 167
214.15 154.432 214 154
175.726 191.774 175 193
205.129 189.923 205 187
186.808 187.937 187 186
189.042 197.615 190 196
176.056 222.268 176 220
222.572 212.743 222 211
195.54 210.716 196 210
196.894 214.026 197 215
197.275 216.81 198 218
199.614 225.527 199 224
206.402 253.441 204 251
