Helen\93.png
29
139.167 131.018 143 134
243.087 136.735 238.5 140.9
176.511 137.872 177 139
202.686 141.692 203 144
157.162 125.765 161 129
154.023 136.874 160 135
226.377 134.648 219 138
223.573 140.015 219 144
146.598 148.141 148.4 145.1
234.123 153.988 230.1 158.4
172.654 152.018 172.2 152.1
206.031 154.509 206.8 159
160.442 144.368 161 145.8
158.153 150.51 158.8 151.7
221.207 148.718 218.8 153.5
220.667 156.184 219.1 160.9
159.78 148.259 159.9 148.7
220.247 150.794 219.1 157.3
172.293 183.712 169.3 184.8
206.186 185.02 204.7 187.2
183.216 179.814 186.4 180.9
187.979 191.493 185.7 191.4
159.019 203.354 158.9 202.3
213.512 228.442 211 207.2
186.132 202.867 187 199.4
186.84 207.056 185.3 202.4
187.539 210.218 183.9 212.6
187.766 217.356 183.2 221.3
184.437 248.949 181.2 247.8
