Helen\219.png
29
157.806 111.989 157 112
256.846 119.214 254 121
198.62 114.997 199 114
221.439 116.7 223 117
179.513 101.714 178 104
177.042 113.041 178 110
238.862 108.297 240 112
241.026 117.005 240 118
165.466 125.277 167 124
246.858 130.521 247 131
191.19 127.974 192 127
223.99 130.827 224 129
177.458 121.038 181 120
177.326 129.345 180 128
235.675 128.271 236 125
237.052 134.079 236 133
180.132 126.347 180 124
238.736 131.172 235 128
194.029 159.213 195 157
228.87 162.083 228 160
215.072 158.815 217 157
214.72 167.374 213 167
181.919 186.977 180 182
234.505 184.824 231 187
212.357 180.321 211 178
213.237 184.519 209 183
211.685 195.504 208 193
210.926 201.03 208 201
206.171 235.916 206 232
