Helen\84.png
29
55.462 124.424 57 120.9
161.952 103.364 153.8 97.5
94.9007 116.583 93.4 116.9
119.752 110.875 123.6 110.3
69.2953 110.92 74.6 113.6
70.9957 117.841 74.5 117.9
139.193 98.7753 136.5 101.8
141.442 103.3 138.2 105.1
67.2583 132.235 68.5 132.5
153.019 117.711 152.4 114.5
94.785 129.208 94.4 130.4
126.106 122.562 128.9 122.4
79.907 124.747 80.3 124.5
82.38 132.92 82.3 134
137.268 113.207 138.3 112.4
140.918 122.341 141.4 120.8
82.1664 128.691 82.2 129.1
137.748 117.486 139.7 116.7
99.333 165.248 104.3 169.2
131.604 158.751 134.6 161.7
115.14 158.748 117.6 159.8
118.165 168.476 120 171
97.5551 192.009 104 196
142.68 181.014 145.7 186.6
119.338 181.198 122.5 181.1
120.434 187.146 124.4 190.3
121.297 191.039 124.6 191.3
122.749 198.954 127.2 202.2
127.034 225.257 130 225
