Helen\35.png
29
146.65 150.646 143.4 154.9
250.693 139.445 252.5 138.3
181.508 154.228 183.1 154.9
207.471 149.869 204.7 151.5
159.849 146.702 161.8 149.9
159.476 153.557 161.5 155.9
230.455 136.461 226.5 139.8
230.109 141.94 228.3 145.9
153.326 165.038 156.6 167.3
241.436 154.047 242.9 154.7
180.533 164.769 183.1 165.8
213.92 160.879 213.7 161.1
167.177 158.641 167.9 164
168.321 169.206 169 171
225.773 151.795 227.7 156
228.157 162.429 227.9 163.1
168.372 163.273 166.8 166.7
226.828 154.714 226.1 159.2
185.562 204.717 186.9 204
217.538 199.945 220.5 203.4
199.918 200.136 201.3 201.9
201.866 212.154 203.5 213.8
182.126 232.901 184.5 230.5
233.828 225.809 231.5 228.4
205.976 223.281 204.7 225.3
206.973 229.956 206.3 232.5
207.208 233.415 206.5 233.2
209.455 241.34 207.7 244.1
214.671 269.469 211 268
