Helen\26.png
29
46.9531 93.1785 47.3 91.2
142.992 89.4817 144.6 89.4
81.6332 93.7678 82.8 92.7
106.702 92.9674 111.3 91.3
62.3342 86.7863 65 87
61.765 92.54 64.4 92
124.148 85.7927 125 86.1
123.9 90.1365 126.2 90.6
54.8477 102.524 54.1 100.5
139.506 99.0998 143.2 99
80.5855 105.187 81.3 104.4
112.918 104.942 113.4 103.8
68.0969 98.7447 68 97.7
67.1539 106.244 67 103.4
125.141 98.1362 125 96.5
125.628 105.638 127 102.2
68.2054 101.702 69.1 100.3
124.926 100.463 127.1 98.9
77.4541 133.752 76.1 139.8
114.353 132.818 118.1 137.8
94.6044 134.469 94.7 136
95.5641 142.419 96 144.9
70.0578 151.146 70.9 151.2
125.51 152.075 131.2 150.4
97.5128 149.725 98.1 152.7
97.3136 154.466 98.2 156
96.2937 161.353 98.6 165.4
97.2531 168.046 99 172.9
97.6968 194.23 99.9 192.1
