Helen\274.png
29
133.095 106.39 134 105
223.957 112.124 228 110
163.935 113.004 164 111
189.327 112.421 186 110
148.445 101.492 149 103
147.101 109.683 149 107
205.41 93.7453 207 103
205.947 109.55 209 109
140.991 119.774 140 114
220.419 126.718 219 122
163.745 121.089 162 117
194.023 122.741 192 120
153.009 117.021 152 110
151.19 122.204 150 119
205.556 122.102 206 115
205.176 128.447 206 124
152.105 119.648 152 114
206.395 124.45 207 120
156.216 151.025 155 149
190.902 153.813 188 152
173.824 150.084 166 148
171.838 160.034 168 159
153.865 174.27 153 172
199.596 177.322 200 177
175.392 170.444 171 170
174.773 175.574 171 175
175.619 178.672 175 179
174.06 187.641 173 187
172.592 218.377 175 210
