Helen\71.png
29
131.612 141.981 134 138.5
229.794 144.919 227.2 143.1
169.748 143.594 170.7 137.8
196.13 143.229 201 142.2
150.052 131.75 153 132.6
149.275 141.065 152.9 138.1
215.33 130.343 214 138
213.707 140.801 214.8 143.1
138.717 156.345 140.4 156.3
223.512 159.651 223.1 163.4
164.668 158.02 165.4 160
197.258 160.17 200.6 163
151.116 150.056 154.5 152.8
150.61 160.88 153.1 162.9
211.719 152.361 213.2 157
210.97 162.904 214.2 167.3
151.077 156.124 152 158
209.778 157.335 209.2 162.1
165.536 193.693 166.9 197.7
201.027 193.142 203.2 196.7
184.138 189.991 190.1 188.1
184.131 202.274 187.3 200.8
154.97 220.677 161.7 221.6
207.637 220.078 205.5 222.6
182.953 213.195 184 211
182.431 218.386 184.5 217.4
182.962 223.032 185.4 222.9
182.016 233.36 186.6 231.9
183.814 259.608 184.1 261
