Helen\166.png
29
61.0823 115.273 63 114
155.983 119.605 156 120
93.2985 114.871 96 116
119.265 118.463 119 117
78.5847 105.914 80 107
76.3585 114.897 78 113
139.29 109.27 140 111
137.931 118.427 139 116
67.4555 126.779 68 126
148.52 131.692 148 132
91.0683 131.107 92 129
123.15 132.695 122 131
80.2116 123.019 81 122
78.8954 132.036 79 131
135.105 128.685 135 127
134.952 133.843 135 135
79.9229 128.11 81 127
134.533 131.614 135 131
83.2871 159.725 86 158
121.44 159.659 121 159
102.518 157.411 101 156
100.566 167.251 102 167
79.7713 186.18 79.9 183.9
128.374 189.239 133.2 186.2
105.276 178.934 102.8 180.3
105.374 184.595 103.4 186.8
101.874 197.461 105.7 197.8
102.987 203.469 105.3 211.4
101.706 223.963 102 233
