Helen\299.png
29
155.79 134.388 157 133
253.815 158.637 253 157
190.075 144.921 192 145
215.083 152.392 218 150
172.892 131.585 175 132
171.037 139.019 174 137
234.728 147.762 238 147
233.125 153.435 236 153
156.587 148.394 163 148
239.06 168.238 240 167
183.643 155.99 185 156
215.264 163.915 217 163
171.45 145.071 175 146
169.063 155.391 172 155
227.108 160.082 229 159
227.047 169.478 228 168
170.098 149.42 173 150
227.238 164.155 228 163
174.088 189.474 176 190
206.241 197.381 206 197
192.342 191.332 189 192
189.826 201.03 188 202
164.167 211.688 165 209
212.68 219.809 210 220
189.621 212.019 187 212
189.006 217.084 185 217
188.205 219.5 186 220
186.172 228.534 184 228
179.74 258.225 179 255
