Helen\154.png
29
123.394 106.802 131 111
218.369 106.506 227 109
155.77 115.555 158 113
181.269 109.284 182 108
139.37 107.872 143 106
140.574 114.182 143 112
201.054 97.8863 205 101
201.927 109.069 205 107
134.587 125.947 140 122
214.185 122.429 220 121
156.191 126.145 161 123
187.293 123.391 192 121
143.417 120.308 151 117
145.468 129.305 150 125
203.49 116.999 206 115
198.486 127.182 206 124
145.015 124.207 152 121
202.572 120.88 207 119
150.582 160.949 152 161
184.218 161.138 184 159
161.914 156.318 160 158
164.222 167.497 164 168
144.206 189.96 154.4 188.4
192.186 188.248 191.3 189.1
167.199 178.613 167.1 186.2
166.594 187.147 167.4 188
167.183 189.681 167.3 188.4
168.13 197.244 167.8 191.3
168.456 236.052 168 229
