Helen\283.png
29
12.776 76.3713 10 78
112.687 60.4122 112 58
49.7818 75.658 49 77
74.6334 71.5448 73 70
30.0304 70.959 28 72
30.5523 76.8083 28 77
94.2827 58.5997 93 58
91.8268 65.5236 94 64
23.7104 86.1286 23 87
105.563 74.0076 105 72
48.8612 85.1138 48 85
81.116 79.2996 80 78
37.0985 81.1585 35 81
37.6548 89.6944 36 89
91.1317 71.953 91 70
93.4793 79.8098 93 78
38.5988 84.9222 36 84
92.458 75.1126 91 73
51.4777 118.003 53 119
85.7017 113.635 86 114
70.0018 115.632 68 117
70.9697 125.002 70 126
47.9996 136.91 49 139
104.383 127.865 101 130
74.2263 133.197 73 134
75.1218 138.745 74 139
75.2685 143.015 76 143
76.2069 150.149 78 151
81.7816 172.304 83 176
