Helen\55.png
29
145.388 131.007 145.1 132.5
242.242 138.731 240.7 136.9
179.152 135.852 177.5 133.2
206.142 138.247 206.9 135.6
160.526 125.407 162.5 127.1
160.339 132.675 162.3 133.1
224.963 130.346 222.4 129.4
223.8 138.362 222.8 135.7
150.354 145.28 149.4 146.3
231.894 150.485 234 150.7
175.945 148.205 174.1 149.2
206.883 149.617 212.5 151.4
164.579 141.58 163.9 143.6
162.774 151.187 161.1 149.7
220.558 145.422 223.1 147
219.683 154.403 222.8 153.2
164.413 145.558 164.9 146.8
219.513 148.965 221 150
174.838 180.774 174.5 180.1
206.011 182.373 208.2 182.5
189.726 179.911 192.3 180.2
188.455 190.598 190.8 189.6
162.339 205.828 165.9 205.8
212.132 207.422 210.9 207.7
188.224 201.073 190.3 199.9
187.001 206.488 190 205.2
186.871 213.804 188.3 213.6
186.681 221.065 187.6 226.3
186.034 248.509 187.1 249.2
