Helen\198.png
29
142.515 113.103 144 117
245.124 131.175 245 133
183.913 119.336 182 118
210.374 122.87 209 125
163.7 108.936 163 109
161.807 115.193 162 115
230.046 118.546 229 121
227.526 127.1 227 127
151.457 124.366 152 124
236.745 138.15 236 136
176.556 129.09 176 126
210.503 134.477 212 133
165.98 121.322 165 120
163.495 129.041 165 127
225.073 131.114 223 130
224.075 139.391 224 137
164.145 124.954 165 123
223.578 134.67 223 133
172.183 158.5 174 158
208.601 163.624 208 166
191.126 161.122 191 164
187.7 170.765 189 174
158.284 176.78 154.7 175.2
218.629 185.043 218.4 188.1
189.474 180.377 188.5 183.7
188.32 183.975 187.9 187
188.006 188.701 187 192.1
186.41 197.142 185.5 198.3
184.616 227.832 182 227
