Helen\336.png
29
165.369 165.96 164 169
267.799 158.986 264 158
209.216 169.482 213 170
232.722 169.04 232 169
187.747 161.38 190 163
188.183 168.682 188 169
249.758 158.323 251 158
250.294 165.607 250 163
173.627 179.696 174 180
258.849 175.664 253 167
201.897 180.299 201 179
233.998 178.742 234 174
189.203 174.873 188 175
190.658 183.163 189 183
244.304 170.23 242 167
245.133 178.679 245 175
189.343 178.716 189 178
245.428 174.985 243 169
200.249 211.975 206 214
236.964 212.081 235 212
223.483 212.631 231 217
220.929 222.176 228 224
182.969 233.382 180 229
231.836 234.668 229 227
210.401 229.934 212 233
209.238 233.984 210 236
208.068 239.704 209 241
207.869 247.579 209 249
206.572 275.777 202 272
