Helen\77.png
29
99.692 122.785 97 129
187.686 109.342 190 110
130.583 124.402 134 131
155.291 117.602 161 122
111.262 120.995 115 127
111.973 125.341 116 131
171.599 105.381 175 110
173.68 109.142 177 116
107.088 138.7 106 136
183.917 124.227 180 120
129.627 136.317 128 137
160.707 128.602 159 125
117.323 133.67 118 131
118.35 140.873 118 141
171.31 118.561 170 118
174.318 126.055 171 127
119.125 136.977 119 136
173.119 122.294 171 121
135.672 167.59 138 170
167.078 161.438 167 161
153.792 162.622 154 163
156.475 169.803 156 172
132.885 189.434 133 191
183.097 177.525 178 178
156.537 181.386 158 182
157.828 185.391 158 187
158.125 188.536 159 189
160.394 194.774 159 196
165.482 220.746 164 217
