Helen\247.png
29
143.341 150.259 144 147
238.42 145.15 238 137
180.338 142.91 178 142
205.266 142.345 205 139
158.44 139.066 160 138
159.925 147.251 161 143
227.25 131.139 222 131
226.002 139.688 223 136
152.158 158.095 152 156
234.199 149.497 231 146
177.866 154.909 176 153
210.197 153.377 208 150
164.419 149.414 164 149
165.029 159.132 164 157
222.161 146.086 219 143
223.375 153.327 220 151
165.026 154.054 164 153
224.792 150.523 219 147
180.573 187.898 180 185
211.386 190.256 213 181
197.356 186.433 196 183
197.337 193.826 197 192
175.303 213.417 175 209
222.828 210.459 224 203
197.549 207.573 199 199
197.783 211.206 200 204
196.386 219.048 198 216
198.456 226.862 200 224
200.266 256.028 203 258
