Helen\329.png
29
48.9683 95.9508 49 98
145.396 117.432 144 120
82.8528 103.019 84 103
109.463 108.812 109 108
65.9041 91.4164 67 92
65.0859 99.1949 65 98
128.953 106.776 129 107
129.716 113.806 128 113
54.8986 110.053 56 109
133.026 126.268 134 127
77.1969 113.451 79 111
108.975 121.165 111 121
67.8119 106.366 69 105
65.1263 114.371 67 114
122.217 118.102 123 118
120.693 126.561 122 127
66.3434 110.079 68 108
121.711 121.901 123 122
70.2236 150.596 71 147
101.814 158.205 100 155
87.6291 148.92 86 148
86.8439 160.769 85 158
58.1582 181.508 60 176
107.369 191.414 106 190
84.7274 176.432 83 174
84.6833 181.183 82 180
82.8711 185.859 82 181
81.3035 192.873 81 188
76.552 228.606 75 218
