Helen\314.png
29
144.1 112.179 147 113
241.442 104.987 240 105
176.64 107.855 177 109
200.796 105.252 202 105
157.564 105.275 162 104
158.298 111.053 161 110
223.09 97.7235 221 98
221.718 102.615 222 104
152.363 124.916 151 123
234.759 118.303 233 115
176.156 121.238 175 120
207.891 119.704 208 118
164.79 117.275 163 117
164.14 127.392 163 124
220.848 113.223 220 112
221.15 121.884 221 119
164.103 121.591 163 120
221.469 117.367 220 115
173.461 154.501 170 153
207.655 151.686 206 149
187.107 150.196 183 151
187.506 162.053 186 160
168.931 180.456 170 179
221.789 177.889 221 175
192.55 175.278 191 173
192.233 179.832 192 179
192.926 183.883 193 183
193.77 191.501 194 190
196.2 222.875 195 221
