Helen\322.png
29
55.4594 49.9512 57 45
158.269 41.1956 157 38
96.4637 48.1905 96 46
122.306 47.6659 128 43
74.898 40.1861 75 40
75.5014 47.2361 75 45
142.276 35.3137 144 33
141.556 42.2349 142 40
67.0855 58.3344 68 57
149.911 53.0626 146 53
92.1238 59.4342 92 59
124.229 57.4605 126 55
78.8045 53.2307 81 54
78.8913 63.1172 80 62
137.753 49.3443 136 50
137.948 58.2028 136 59
79.6883 57.051 81 58
137.357 53.5502 135 54
93.2821 89.646 94 88
124.199 86.807 123 87
108.913 84.2558 113 84
109.068 94.2042 111 94
83.6047 110.766 84 111
131.543 107.686 129 109
109.901 102.462 112 104
109.669 106.801 110 110
109.782 111.304 107 111
109.444 117.177 107 118
112.579 146.628 102 139
