Helen\196.png
29
51.7718 36.0819 52 38
140.894 61.1769 141 58
80.0195 47.3646 81 46
106.277 52.6396 102 52
64.723 36.4182 67 36
62.9758 44.3002 67 41
129.577 53.8654 121 49
126.763 57.6035 122 54
53.8312 52.8192 56 50
133.596 70.54 132 68
77.313 57.6501 79 57
106.954 65.2234 105 63
66.6901 50.486 69 49
65.1131 57.7141 66 56
119.258 63.2249 119 61
118.45 71.1302 117 68
66.7001 53.8869 68 53
117.767 65.9352 118 65
69.4835 86.7696 68 88
103.996 93.9303 101 95
86.2745 89.2945 83 91
87.3601 98.6126 82 100
59.8257 100.897 57.3 103.6
111.725 113.716 114.1 116.7
86.1493 106.385 83 111.6
86.135 111.488 82.5 114.1
85.2635 115.544 80.4 125.6
84.0194 122.225 79 132
80.8295 151.649 77 149
