Helen\184.png
29
213.958 119.62 210 117
303.291 126.284 304 126
251.637 124.643 256 121
272.294 126.803 274 127
231.264 107.839 236 111
228.971 117.691 234 116
291.196 118.221 290 119
289.909 124.826 289 126
216.636 133.357 216 133
295.905 139.979 293 143
242.342 136.76 242 137
272.428 140.019 272 141
230.475 128.404 231 129
227.979 137.873 230 138
284.58 133.492 283 137
283.723 142.857 283 146
229.361 133.495 229 133
283.568 137.912 282 140
241.714 174.222 243 174
276.774 176.323 277 177
264.337 174.266 269 174
261.208 185.501 262 185
223.044 200.338 223 201
277.257 207.186 272 204
254.51 197.183 255 195
253.948 202.341 254 201
249.241 214.67 247 212
249.596 221.6 244 221
243.314 261.876 239 258
