Helen\236.png
29
162.33 124.066 157 125
261.86 91.7552 259 86
201.807 113.61 202 116
226.422 106.023 230 104
178.335 112.276 176 114
181.075 118 177 120
244.763 88.0936 243 87
246.006 91.8206 245 93
173.488 134.476 173 134
253.436 107.993 253 102
200.89 127.868 199 128
231.58 116.415 232 113
186.99 125.608 185 125
191.067 136.458 187 134
241.31 105.359 240 102
242.842 112.423 243 111
187.27 128.931 185 129
241.908 109.158 240 106
213.631 160.583 214 163
245.011 150.569 247 150
233.767 154.068 235 158
234.969 164.161 236 167
200.919 186.618 204 183
252.697 167.944 254 164
230.58 174.089 233 174
231.888 179.637 233 179
233.162 186.587 234 186
235.105 194.218 237 195
241.911 224.949 241 219
