Helen\94.png
29
154.799 136.744 155 137
262.974 144.316 257 143
198.139 141.026 199 140
224.083 141.475 225 143
176.21 128.636 176 131
176.172 137.344 175 137
242.863 135.152 242 136
243.475 142.626 242 142
164.059 149.726 164 149
250.738 154.874 247 153
191.116 152.568 190 151
227.448 155.466 223 154
179.11 145.148 177 145
177.361 154.854 177 154
239.541 148.646 235 148
239.774 159.491 235 157
179.377 148.651 177 149
239.119 154.333 234 152
193.292 192.827 193 193
229.171 196.506 227 194
214.067 192.883 216 194
212.29 204.001 213 203
178.501 218.695 180 216
232.013 220.786 228 218
205.944 217.135 210 217
205.252 222.325 208 220
205.212 224.252 208 221
205.288 232.424 208 227
202.751 264.413 209 256
