Helen\327.png
29
92.5144 53.4028 91 51
192.135 77.8584 190 73
134.979 69.8339 137 63
157.95 75.7211 162 76
113.741 52.1386 115 49
112.219 59.0882 114 57
178.023 68.92 181 69
177.29 74.8225 179 75
100.838 72.3263 98 69
178.631 87.7027 175 87
126.398 78.4605 124 76
155.105 85.5818 154 84
113.016 68.5936 113 67
110.126 76.8766 108 77
168.142 81.0293 166 80
167 89.6294 165 90
111.225 72.7219 111 71
166.703 85.2388 164 84
118.467 118.107 116 118
154.023 124.236 148 127
138.003 120.686 138 124
134.729 129.938 132 132
90.8152 141.426 96 142
152.858 151.568 140 150
124.329 142.109 125 144
121.294 147.968 123 149
120.125 150.28 122 152
119.46 159.615 120 161
113.696 184.607 108 179
