Helen\90.png
29
127.918 159.753 125.3 163.3
220.244 132.894 221.4 128.8
160.361 151.422 153.8 147.3
186.327 141.663 191.1 132.5
142.558 149.981 136.4 150.2
141.087 154.244 137.9 152.9
205.201 126.241 201 127
205.229 132.351 202.6 129.6
138.405 170.365 139.7 170.4
215.368 147.8 215.3 141.6
161.256 165.626 163 163.8
191.389 152.161 194.7 151.6
149.089 162.967 149.2 161.3
150.888 171.849 151.7 169.4
202.438 144.707 201.7 141.4
204.839 150.951 206.5 148.6
149.722 167.454 150.9 165.2
203.451 147.821 201.5 146
172.058 188.499 174.3 191.2
202.151 178.099 207.3 179.9
183.352 179.36 189 176.2
189.326 186.961 192.5 186.7
168.721 210.713 176.3 211.7
217.689 195.585 217 196
192.513 197.268 197.2 201.5
193.265 200.509 199.4 204.3
194.867 205.181 199.8 204.7
198.669 212.449 202.5 209.7
203.18 237.261 209.6 235.2
