Helen\167.png
29
157.031 168.369 158 171
263.888 160.912 258 154
189.878 168.999 189 170
215.329 164.418 213 164
171.091 163.451 171 164
171.104 170.952 172 170
235.487 152.835 234 151
236.721 159.808 236 157
167.403 181.892 168 182
252.302 171.452 250 169
191.779 180.39 190 181
224.998 176.64 222 174
178.202 175.371 180 176
179.119 185.414 178 186
234.668 167.183 236 165
238.946 177.718 238 176
179.4 179.978 182 180
236.528 172.165 239 170
192.322 224.202 196 227
228.261 222.202 227 222
206.494 223.12 205 224
210.438 234.225 209 233
198.211 255.32 200 253
247.428 248.99 246 248
217.557 246.32 215 247
218.116 252.207 217 252
218.373 254.775 217 255
221.107 263.601 216 262
227.302 292.036 227 288
