Helen\63.png
29
80.1635 134.272 84.2 133.9
175.377 137.457 176.8 134.5
113.926 133.987 107.7 131.1
138.836 135.534 141.2 132.9
97.6394 122.345 92.1 126.7
97.6332 131.892 93 130.3
158.232 129.479 158.9 129.4
157.323 134.648 159.2 133.1
86.9463 146.831 89.9 149.2
166.391 152.241 172.6 153.3
111.333 149.438 111.9 147.7
141.716 150.235 143.7 151
98.9478 140.006 101.2 140.5
97.6252 149.434 101.4 150.2
154.175 145.403 157.9 143.5
154.285 153.292 158.8 153.7
99.0672 146.536 107.2 145.9
155.323 149.887 162.5 148.9
101.571 178.984 99.2 179.4
134.349 180.947 130.7 179
107.425 172.56 104.7 165
115.914 182.404 109.4 180.3
91.3733 205.394 94.8 208.4
140.788 209.451 141 210
114.378 198.072 107.6 192.7
113.943 203.461 107.7 199.3
114.035 210.022 109.8 210
111.79 218.887 108.3 219.5
107.12 252.738 103.3 251.8
