Helen\312.png
29
140.578 117.001 141 117
233.977 110.95 231 115
175.063 109.806 173 111
199.654 110.48 197 109
157.003 103.905 156 107
156.452 111.649 157 114
218.622 106.485 215 105
219.148 113.092 216 112
149.023 127.914 148 129
228.594 127.674 226 127
173.208 122.142 170 124
205.357 123.107 202 124
162.031 121.5 160 123
159.875 129.421 159 131
215.423 121.546 215 120
218.966 129.631 214 128
162.394 122.422 161 127
216.485 124.079 216 124
172.903 150.454 171 150
206.218 151.953 205 149
192.488 140.303 192 140
194.476 157.897 190 152
167.268 180.066 166 180
220.308 178.041 215 175
195.502 167.903 190 168
194.38 174.968 190 173
193.822 177.635 192 174
194.762 183.922 193 180
196.672 218.311 195 210
