Helen\238.png
29
135.003 126.512 136 128
233.416 129.249 230 130
169.574 129.453 171 128
195.635 129.744 196 128
149.648 120.119 153 120
150.525 127.604 153 125
216.377 121.122 214 121
215.193 127.793 214 127
140.95 138.893 144 139
222.354 140.424 222 142
165.073 140.004 168 141
197.786 140.544 198 142
154.235 133.967 156 135
153.663 141.661 156 143
210.092 135.926 210 137
210.389 143.877 211 145
154.31 138.836 156 139
209.916 139.942 210 141
167.322 171.266 167 171
200.247 171.929 198 171
182.702 169.958 184 169
182.923 178.067 184 179
155.202 189.482 155 191
208.98 191.575 207 193
182.525 186.867 183 188
183.473 192.403 182 193
181.995 200.565 183 202
183.383 207.185 182 210
183.715 234.442 182 236
