Helen\211.png
29
139.629 159.125 135 163
229.097 163.633 232 165
176.851 165.864 175 165
200.75 168.326 201 165
154.826 156.799 156 157
157.07 163.069 155 164
219.384 160.252 218 161
218.895 165.278 218 166
139.995 175.246 143 171
226.119 174.394 223 173
168.08 175.883 168 173
201.084 177.841 202 174
155.047 170.286 156 168
154.225 179.644 156 176
215.236 171.169 212 168
213.8 180.038 213 177
155.185 174.345 156 172
213.687 175.188 212 172
171.155 210.532 172 210
205.14 210.247 205 210
193.013 211.585 193 211
189.413 220.998 191 220
155.64 234.126 160 233
205.457 232.935 208 229
184.928 230.395 187 229
183.781 234.076 187 234
183.316 235.753 186 236
185.971 242.433 186 243
181.917 275.693 184 274
