Helen\165.png
29
140.469 85.9622 142 83
231.965 107.083 241 119
170.181 96.7926 174 97
197.071 111.801 196 107
155.159 83.7274 160 83
154.487 90.1885 158 88
223.304 87.924 222 108
214.305 108.65 221 112
144.231 101.128 147 98
228.161 122.124 226 125
167.686 106.371 169 106
199.395 118.035 199 120
159.078 101.247 160 96
154.527 106.01 157 105
213.286 113.8 212 116
209.216 125.312 212 125
162.632 105.498 160 100
212.211 120.584 213 120
154.804 136.787 156 137
191.003 147.126 189 148
168.084 133.929 170 139
168.646 148.227 168 149
148.873 148.87 146.8 158.2
195.785 165.994 189.7 171.4
169.531 153.918 165.3 161.2
168.092 160.301 164 168
169.856 163.338 163.7 169.5
167.244 173.156 162.1 178.4
164.733 196.676 159 201
