Helen\301.png
29
154.557 164.482 159 167
254.832 148.187 259 148
188.95 165.786 187 166
214.038 160.171 210 157
172.248 159.649 169 160
172.752 166.489 170 166
234.976 142.961 229 142
233.865 153.277 233 149
166.641 179.148 172 178
251.318 165.144 253 162
191.013 177.141 193 176
221.553 171.403 223 169
177.636 172.934 182 171
178.842 183.212 182 181
233.198 159.982 236 159
236.292 170.336 239 170
179.66 177.062 183 175
235.337 164.485 238 163
192.688 213.758 193 217
228.907 208.359 228 209
204.537 211.007 200 212
209.012 220.893 206 222
198.765 237.536 205 239
252.296 231.757 255 230
221.357 228.707 221 231
221.886 234.884 223 237
223.537 240.161 223 243
225.025 246.701 224 253
231.15 277.122 237 278
