Helen\62.png
29
92.9219 159.688 96.4 160.5
192.665 175.125 190.7 170.7
123.097 168.033 118.6 166.4
151.128 170.785 149.6 167.8
107.56 156.127 105.4 158.1
103.555 162.336 106.5 162.3
171.495 164.586 167.8 166
171.687 170.787 168.5 170
98.6867 175.789 102.5 174
182.668 187.575 185.5 185.4
121.944 178.844 125 178.9
154.116 184.664 156.7 184.2
111.757 171.602 115.7 171
108.803 180.669 113.4 179.2
168.833 179.786 170.2 178.9
166.791 188.559 173 187
111.192 175.872 120.3 175.1
168.418 184.446 176.1 182.2
114.024 216.077 114.8 219.3
145.004 221.817 142.9 220
130.238 213.536 113.8 209.6
131.378 226.443 125 223.7
106.74 239.632 115.1 241.3
162.174 246.698 159.1 247.1
133.353 239.711 126.4 240.1
134.134 246.36 127.9 248.3
132.755 250.147 128 249
132.354 257.154 126.8 257.7
129.408 292.256 128.5 291.2
