Helen\18.png
29
173.638 145.24 172.9 144.1
263.44 171.068 264.1 169.1
209.467 152.383 210.2 148.2
232.942 159.789 234.2 157.8
191.889 139.102 192.8 138.5
189.489 146.462 191.9 143.3
251.611 159.916 250.4 156.6
250.472 164.099 249.1 162
177.842 158.565 176.6 157.1
254.57 179.743 255.3 183.6
202.098 163.666 201.3 163.2
232.406 170.794 234.7 175.8
192.956 156.301 191.8 155
188.59 163.158 189.2 162.2
244.155 170.162 245.5 174.5
241.704 177.258 243.7 181.4
191.631 159.71 189.9 158.1
243.378 172.828 243.8 176.8
195.754 192.546 196 192.7
226.715 200.38 228 204.2
214.676 191.573 217.8 191.4
211.104 199.444 211.6 202
180.219 213.276 176.9 215.8
226.698 224.532 225.4 232
204.706 212.255 206.3 216.3
204.131 217.432 205.2 220.4
203.709 222.395 202.5 225.9
201.469 229.678 200.6 230.9
195.886 260.565 194.8 261.6
