Helen\296.png
29
48.2663 16.7989 51 15
146.548 28.5722 141 29
84.7101 19.7687 86 18
111.45 23.7496 111 22
65.5459 10.8301 70 10
64.2666 16.8967 69 15
126.38 19.6505 128 19
126.643 26.0387 128 24
53.2083 27.2841 56 27
133.126 37.8013 135 39
78.3186 31.4409 81 30
109.844 35.2821 113 36
68.6887 24.822 69 24
64.0912 32.0442 68 31
122.638 31.9548 123 33
122.699 39.8276 124 40
66.473 28.7165 68 27
122.485 34.8116 124 37
76.5267 59.1074 78 58
109.259 62.7529 108 61
93.8758 55.9989 95 51
92.0401 67.4179 94 62
63.1361 79.462 64 81
114.449 83.5206 113 87
90.9887 76.2088 91 77
90.8583 80.8067 90 82
91.2477 84.7862 89 85
90.0238 91.9972 88 91
89.7339 121.226 84 118
