Helen\258.png
29
58.3638 53.5295 61 50
143.876 46.5318 144 49
90.0688 51.443 90 50
114.001 50.5655 113 49
74.6899 41.814 75 44
73.731 50.4703 75 49
130.839 42.3614 128 42
130.336 47.5954 129 47
64.5668 65.0766 66 65
140.02 61.6521 140 62
87.2299 63.6693 87 63
117.997 61.8892 118 63
76.2853 59.5089 77 60
75.5377 66.2262 77 68
128.115 56.3579 129 58
129.68 64.9362 130 66
77.3676 62.691 76 64
129.163 60.6283 129 62
88.0582 92.5187 86 93
119.192 91.8597 117 91
101.567 89.0344 101 89
102.972 99.0334 102 98
79.2232 113.735 80 116
128.255 114.258 125 114
103.091 108.137 101 106
103.502 113.218 102 112
103.406 119.544 102 120
102.804 126.192 102 128
100.942 155.392 102 151
