Helen\215.png
29
142.128 142.414 142 137
239.141 145.021 243 146
173.184 143.488 173 143
199.528 144.551 200 143
156.959 134.778 158 132
157.159 140.673 157 138
220.025 135.776 224 136
220.096 143.459 223 141
150.022 151.894 151 151
230.494 156.959 232 159
173.548 154.481 174 154
204.702 156.809 206 157
161.98 147.018 162 147
160.591 156.215 161 155
216.682 151.943 219 152
215.733 161.214 219 160
160.948 151.567 163 151
216.357 155.448 219 156
165.451 187.766 165 187
201.522 190.471 199 190
178.495 187.013 177 186
178.422 198.554 177 197
155.966 209.503 160 207
213.385 216.932 212 214
181.609 209.391 181 206
180.215 215.696 181 212
180.451 222.573 182 223
179.005 230.145 181 231
177.374 260.57 177 260
