Helen\241.png
29
139.128 97.6603 139 99
240.255 94.072 240 93
172.131 97.7504 171 97
196.895 96.7591 199 94
152.999 90.0806 154 91
153.139 96.8999 154 97
218.334 86.929 220 86
217.75 94.7185 220 92
146.925 108.241 148 108
229.809 105.804 229 104
171.126 109.042 171 108
204.422 107.416 204 105
159.001 102.526 160 103
158.226 112.153 160 111
215.755 100.821 216 99
217.547 109.175 217 108
159.233 106.723 161 106
217.397 103.673 217 103
168.495 141.962 170 142
205.377 140.284 205 139
184.208 141.222 185 141
185.563 150.557 186 151
161.984 162.299 165 162
220.848 162.819 223 160
189.936 160.184 189 159
189.206 163.37 190 164
189.779 170.761 190 173
190.205 179.126 190 182
194.512 216.436 193 214
