Helen\227.png
29
144.47 141.191 145 147
234.819 128.803 231 132
178.483 139.614 177 142
204.829 136.547 201 134
158.859 134.413 161 140
160.931 141.221 161 144
218.066 123.373 216 126
221.646 132.375 216 132
152.852 153.898 150 154
231.262 144.683 229 145
175.951 151.687 174 153
207.829 147.852 206 147
164.789 147.857 161 148
164.309 156.171 163 158
220.316 141.611 217 141
220.368 148.823 219 151
164.665 151.119 162 153
219.591 144.873 218 146
180.949 183.548 182 181
210.063 178.228 211 175
195.956 173.758 197 172
196.708 185.589 198 183
177.737 216.406 179 211
219.243 207.7 221 203
197.334 199.379 200 195
199.23 215.243 201 202
198.365 210.438 199 213
200.301 222.648 201 224
202.882 249.532 204 246
