Helen\289.png
29
132.664 124.407 132 126
233.4 119.117 229 113
167.254 128.624 167 129
192.525 125.052 192 128
148.208 119.366 147 120
147.627 124.806 148 125
213.171 113.659 211 113
213.673 120.338 212 117
143.43 139.979 144 142
224.657 132.889 223 131
166.516 140.381 168 141
198.581 136.95 199 137
153.183 132.595 155 137
155.311 143.37 156 147
210.58 128.765 209 129
211.763 138.496 211 139
154.216 135.706 156 141
210.541 132.591 210 133
168.94 176.581 172 177
201.287 173.132 203 173
184.278 174.799 186 177
185.649 183.604 188 185
164.648 196.373 168 196
217.521 191.138 217 190
190.326 191.46 191 195
191.729 196.907 192 198
191.364 198.531 192 200
192.288 205.361 193 206
196.031 232.195 197 231
