Helen\171.png
29
149.451 128.937 151 129
245.093 139.784 240 142
188.23 134.986 189 136
210.446 138.457 211 140
170.138 123.149 171 126
168.209 132.324 169 131
228.705 131.143 227 135
227.263 136.003 226 140
154.497 143.422 155 142
235.014 151.006 233 153
179.682 146.143 180 146
211.107 150.315 211 151
167.187 139.425 169 139
166.241 148.299 167 149
224.039 144.405 223 146
223.297 154.545 222 157
166.797 144.182 167 142
223.11 148.337 221 150
179.273 178.727 180 178
209.687 180.772 209 182
197.859 178.31 198 178
196.62 185.709 196 187
168.154 203.789 174 204.4
211.891 207.13 210.9 207.9
194.067 199.319 195.4 198
193.253 203.491 194.1 205.3
192.578 206.524 194.2 206.3
190.175 214.435 193.5 216.4
188.116 239.406 189 239
