Helen\96.png
29
132.793 128.787 134 126
226.85 129.748 227 132
168.37 132.251 170 133
193.244 133.847 193 133
150.077 123.382 152 123
151.222 129.065 151 128
207.84 119.644 209 126
210.23 131.234 211 131
138.404 141.033 141 139
220.45 142.334 221 143
165.486 143.188 165 142
195.183 143.944 197 143
153.901 136.692 154 135
151.461 144.035 153 142
208.627 139.037 208 137
209.176 146.193 209 145
154.327 140.178 154 138
210.405 142.522 209 141
162.901 171.479 164 171
196.463 172.166 196 172
178.733 170.456 181 171
178.743 181.231 180 181
152.08 190.818 152.5 191.5
205.077 192.503 205.6 192.1
179.061 189.01 179.3 189.6
179.549 192.881 179.3 193.9
177.958 202.584 178.6 201.9
177.959 208.879 178.9 211.6
180.223 234.008 178 234
