Helen\212.png
29
150.626 140.472 148 146
241.474 135.81 241 135
187.4 141.666 188 142
211.266 140.591 212 137
169.038 136.741 167 137
168.785 142.874 167 143
230.118 131.548 228 130
228.28 137.2 229 136
153.243 159.048 156 156
237.608 147.91 236 147
181.542 155.256 181 154
213.525 151.498 214 148
168.412 151.151 169 150
168.635 159.648 169 158
225.022 143.411 225 143
226.327 152.169 226 151
168.152 155.034 169 154
226.095 149.112 225 147
189.949 188.629 188 189
218.152 184.757 220 184
203.885 182.614 207 183
204.088 194.249 207 193
180.749 216.079 181 217
225.985 210.064 230 209
205.972 206.823 207 206
204.275 213.162 207 211
204.95 215.027 207 215
207.34 222.639 208 222
207.62 252.566 211 253
