Helen\47.png
29
40.3092 108.88 42.1 114.4
149.205 106.08 144.9 111.4
80.6264 105.014 82 101.9
108.098 104.429 107.1 101.4
60.416 95.1218 53.3 98.4
59.5176 102.928 56.8 106.4
125.022 95.5296 128.8 97.2
125.22 101.242 127 105
49.6479 122.274 52.9 120.7
136.818 118.444 136.9 117.5
77.9358 119.806 76.8 120
111.109 118.747 112.7 119.2
63.7947 115.984 65.1 112.8
62.699 123.168 65.4 120.6
124.224 112.087 123 111
123.738 121.321 124.6 117.6
62.2856 119.374 64.7 117.4
124.412 117.098 125.1 114.3
79.6912 156.881 80.1 160.1
115.25 155.831 118.9 160
95.8294 151.915 101.4 150.7
100.167 165.093 100.7 167.2
69.5144 185.532 73.2 189.2
125.969 182.397 124.5 185.1
98.2947 178.216 102.3 182.4
98.5074 184.6 102.8 188.6
98.0955 188.804 102.7 188.9
97.7238 196.288 103.1 194.1
99.7117 228.092 104.8 228.2
