Helen\32.png
29
68.5514 114.726 71.8 115.9
164.767 92.1475 163.8 88.1
104.546 109.419 97.7 104.7
129.64 100.701 133.9 93.9
85.8922 108.019 83.5 107.2
85.5367 111.894 85.1 110.9
147.991 89.2972 146 89
148.539 93.9393 147.3 92.3
81.6944 124.794 81.3 127.7
157.898 104.967 159.2 102.2
104.523 120.472 105.7 122.2
135.215 110.188 137 111.4
92.9677 118.696 91.8 119.5
93.2177 126.611 95.9 127.7
145.745 102.257 145.5 101.7
147.841 109.607 149.2 110
93.993 121.159 93.9 123.7
146.847 104.514 146.9 106
110.76 148.492 114.5 146.8
142.162 138.598 144.5 137.7
124.751 135.606 126.7 133.8
129.953 148.108 128.5 143.4
107.708 171.082 118.1 167.6
151.153 156.709 153.3 157.5
129.35 155.334 134 157.7
132.107 160.895 135.3 162
134.753 170.764 135.7 162.7
135.614 174.116 138.5 170.4
140.586 192.824 142.3 185.3
