Helen\11.png
29
141.424 152.755 143.5 154.1
248.583 141.831 246.4 143.7
179.833 147.888 178.8 143.8
208.229 145.975 207.5 143.4
160.398 141.901 160.4 143.7
160.207 149.22 160.9 148.1
228.517 136.638 224.5 138.1
227.496 143.25 224.7 141.3
153.033 163.282 153 164.9
237.842 156.064 237.4 156.4
178.914 161.007 181.1 163.1
211.329 158.505 212.6 160.9
165.773 155.805 168 156.4
165.588 165.322 168.3 166.5
223.381 151.46 223.8 151.4
224.579 160.029 226.6 161.2
166.976 160.783 167.6 161.6
223.766 154.482 223.7 156.3
181.641 193.918 183.6 195.5
213.504 190.191 215.3 192.3
197.101 187.663 198.2 186.1
199.005 196.89 199.4 195.1
177.48 219.535 181.6 219.9
225.439 214.838 222.1 216.4
201.319 209.082 201 209.3
201.414 214.677 201.1 215.1
202.05 219.064 201.6 218.1
201.796 226.107 202.5 225.5
205.711 258.248 205.8 260.6
