Helen\157.png
29
147.428 102.403 150 103
254.887 99.9324 253 102
190.505 102.418 192 103
217.745 101.492 218 102
169.048 94.4939 170 96
168.035 101.188 170 102
236.32 92.144 236 95
237.811 99.5376 237 101
158.575 114.589 162 115
246.733 112.327 244 114
185.802 113.912 186 115
219.78 113.439 220 114
174.289 108.673 175 110
173.074 117.091 175 118
232.791 106.353 233 109
234.491 115.603 234 117
174.41 112.41 176 114
234.031 111.034 233 112
191.909 148.278 193 148
224.898 146.548 226 146
211.045 143.53 215 143
211.779 155.082 213 154
181.01 174.891 183.2 174.4
233.652 174.538 233.4 173.3
210.847 165.248 214 165.7
210.369 172.842 213.1 173.2
210.942 176.64 213 174.2
211.054 182.19 213.2 183.2
214.111 216.341 210 215
