Helen\169.png
29
86.1187 97.9154 86 98
183.367 97.561 182 95
122.727 99.4739 124 98
149.934 99.0315 149 98
103.196 91.945 104 91
102.515 99.0416 104 97
168.148 89.2966 166 90
167.476 96.2946 166 95
95.6192 109.486 96 109
174.559 107.741 175 107
119.372 110.165 120 110
151.206 108.496 152 108
107.71 104.075 108 103
106.86 112.462 108 113
163.165 102.279 163 102
163.979 111.738 164 111
107.495 107.653 108 107
163.381 106.331 163 106
120.273 145.368 123 147
150.46 144.449 153 146
135.59 142.14 139 144
135.788 152.304 139 154
113.672 171.006 115.6 175.8
159.316 169.575 159.8 173.4
135.022 165.003 140.4 168
135.205 169.703 140.4 171.9
136.024 173.569 140.5 175
137.261 181.299 140.3 178.5
139.914 210.459 139 209
