Helen\164.png
29
135.945 127.46 136 127
227.455 141.649 229 141
171.042 135.042 171 134
194.438 138.479 196 138
152.011 125.656 154 124
151.84 132.016 154 129
213.872 136.1 213 133
213.743 139.578 213 139
138.915 142.015 142 142
220.959 153.983 220 152
165.368 145.381 164 145
196.332 151.463 198 150
154.903 136.936 154 138
151.551 146.377 153 147
208.664 147.35 209 146
209.038 154.986 209 155
152.958 142.847 153 142
209.055 151.307 209 150
162.437 177.447 163 177
193.755 182.252 191 181
177.504 175.498 178 175
174.926 186.394 176 185
153.514 199.46 153 202
198.343 205.631 195 207
178.79 193.733 175 196
176.485 198.915 174 203
176.125 201.485 172 207
175.415 211.225 171 217
175.705 237.695 167 241
