Helen\15.png
29
148.582 141.625 150.2 144.6
251.995 147.422 252 153
185.918 143.585 184.2 143.8
211.23 146.782 212.7 149.2
165.277 138.014 166 136.8
166.859 142.832 166 143.6
233.882 140.317 231.7 143.7
234.698 147.057 231.9 150.6
151.754 154.503 155.4 157.8
242.282 162.05 244.3 165.9
178.49 158.001 182.1 160.9
215.072 159.753 213.9 163.4
170.391 150.823 169 152
166.789 160.521 168 162.9
227.548 157.033 229 157.6
227.035 165.891 228.5 170.1
168.374 155.567 169 157
228.342 160.468 229 162
177.829 192.035 179.4 193.2
211.082 194.246 211 197.2
193.513 189.225 196.1 189.3
193.379 202 194.7 200.2
164.192 218.392 165.8 219.5
217.983 224.358 216.3 225.8
192.266 214.644 193 214.3
192.425 220.32 191.5 220.9
191.777 224.151 191.5 221.8
190.218 233.946 190.5 232.3
189.858 264.124 190.7 263.4
