Helen\341.png
29
142.842 150.217 146 149
244.126 160.857 240 158
174.6 155.217 176 154
201.653 155.968 199 153
159.618 141.825 164 144
156.973 149.34 161 150
222.456 148.286 219 147
220.759 155.868 218 154
149.865 165.685 150 163
234.33 171.116 233 170
174.41 167.696 173 165
207.12 170.375 206 168
161.903 161.359 161 158
160.719 170.522 161 168
218.817 164.146 219 163
219.207 173.033 219 173
161.418 165.727 161 163
219.211 168.735 219 168
162.15 205.147 163 201
198.244 206.06 196 203
172.092 200.199 172 196
176.107 211.616 175 207
158.072 229.497 159 229
211.043 232.852 208 233
179.876 224.33 180 222
180.145 230.865 180 228
180.003 234.875 180 235
179.087 244.006 178 244
178.898 276.547 177 274
