Helen\49.png
29
41.0441 158.574 43 164.8
135.271 160.138 133.6 158.3
73.91 160.951 74.7 161.4
100.86 160.357 100.1 158
56.9593 148.008 58.4 154.8
53.41 157.184 58.7 159.1
121.378 147.511 115.1 150.3
119.61 156.188 115.6 156.7
46.2093 173.131 49.7 174.2
128.433 172.721 126.7 173.5
71.447 171.905 70.8 173.8
102.048 173.299 105.5 173.6
59.7515 165.914 59.8 168.6
58.1975 174.648 60.4 177.5
114.875 165.434 116.4 168.7
115.144 176.063 117.2 175.7
60.2473 169.614 60.1 171.9
114.918 170.687 116.9 171.1
68.1941 204.904 66.5 206.1
103.402 204.382 106.9 206.5
86.0963 201.502 86.9 200.9
86.7604 212.075 87 212.9
62.2073 232.138 60.2 235.2
114.491 232.047 112 234.8
86.6072 225.699 86.2 228.9
87.1069 232.025 86.2 237
86.5595 238.154 86.3 237.5
87.066 246.782 87.1 243.3
87.1662 281.021 87 277.6
