Helen\273.png
29
130.035 136.951 132 136
229.698 136.422 228 131
162.253 136.26 161 137
185.465 137.088 185 133
145.973 129.161 145 130
146.111 136.192 145 136
208.353 125.421 206 124
207.805 133.123 206 131
139.389 147.874 140 148
217.865 146.47 219 143
161.41 148.883 162 146
192.098 148.371 194 145
150.855 142.484 150 142
149.758 152.448 151 149
204.318 141.984 205 139
205.258 149.355 207 147
150.901 146.971 152 145
206.49 144.419 207 142
155.689 180.68 155 182
190.189 180.982 189 182
167.185 178.733 164 180
171.422 191.112 168 190
151.257 206.79 156 207
209.382 205.281 205 205
178.597 202.777 175 200
177.371 207.195 176 206
179.544 216.588 178 215
180.765 225.963 177 224
182.937 257.749 178 256
