Helen\156.png
29
150.087 135.168 154 135
245.707 113.254 251 111
181.791 131.021 178 131
200.126 119.888 203 120
162.827 125.609 162 126
164.07 133.264 164 132
225.167 104.408 222 105
226.607 113.267 226 109
160.971 149.588 167 149
241.743 131.442 246 129
183.142 148.893 186 148
216.183 135.794 218 134
170.361 141.253 177 142
173.243 152.051 175 150
224.558 125.321 231 126
229.272 134.634 232 133
173.648 147.395 177 145
227.465 129.48 232 129
188.369 182.258 186 180
222.738 174.528 222 170
194.516 178.134 193 178
198.096 189.406 199 188
189.833 205.987 191 201.8
247.691 189.577 248.7 186.4
210.206 197.139 205.1 195.6
213.601 205.792 207.6 200
214.288 209.523 214.8 213.9
217.65 218.025 217 222.2
226.36 250.907 229 250
