Helen\253.png
29
76.6986 49.1876 80 46
170.229 52.7091 172 54
114.444 52.6433 116 51
143.636 55.3522 142 56
92.5933 39.705 99 42
93.7949 47.8424 97 47
156.99 48.7369 157 50
160.268 54.3707 157 55
83.0081 60.9156 84 61
166.717 68.4134 163 70
108.698 64.7303 108 63
140.816 69.5257 141 68
97.7039 57.8604 98 57
95.588 66.749 95 65
154.106 64.0051 155 64
153.168 73.2866 153 71
97.536 62.0654 96 60
153.376 68.4011 153 67
108.497 95.9402 109 95
139.831 98.2369 139 98
125.526 93.0491 129 94
124.378 102.786 126 103
96.0832 118.864 97 116
144.951 123.722 142 122
121.226 114.982 123 114
121.938 120.918 122 119
121.82 122.906 122 121
120.914 128.354 121 129
115.551 156.863 116 152
