Helen\303.png
29
136.441 141.205 135 140
230.66 139.564 233 139
170.037 142.754 170 140
193.919 141.539 195 138
151.461 132.203 153 132
150.459 141.188 152 139
212.173 131.434 214 131
214.413 139.688 214 138
144.534 155.04 144 153
226.817 154.88 223 152
168.584 154.116 166 153
200.253 154.262 197 152
155.625 147.471 154 148
155.6 155.818 153 157
212.328 147.865 208 147
212.945 156.68 208 156
156.427 151.692 153 153
213.322 151.301 206 152
165.246 187.897 165 188
198.354 186.949 199 187
175.746 184.128 177 182
181.324 193.958 180 193
162.599 217.074 161 216
210.402 214.641 210 215
183.527 207.473 181 208
183.773 212.833 183 214
184.498 218.5 183 219
186.952 227.56 184 228
189.944 259.035 186 256
