Helen\140.png
29
174.815 170.126 178 159
276.6 174.535 271 171
218.287 158.714 217 157
245.121 160.963 243 166
200.944 142.475 197 146
197.434 157.341 197 154
260.616 154.386 258 160
259.188 165.249 258 168
186.464 181.147 186 180
265.981 186.863 264 189
212.455 180.295 211 182
242.132 184.051 243 185
201.218 173.865 199 175
199.163 183.173 198 185
255.234 180.7 254 182
254.843 190.991 253 191
200.316 181.048 198 181
253.79 185.189 253 187
215.73 214.914 213 212
245.938 216.031 246 215
232.815 207.4 233 206
231.002 220.025 231 217
202.258 243.531 204 241
249.425 247.213 250 244
230.982 232.32 232 232
230.279 238.26 229 239
229.489 245.225 229 241
228.681 252.99 229 249
226.959 282.842 229 278
