Helen\66.png
29
160.231 167.909 163.6 168.6
264.242 155.54 265.4 156.5
199.085 160.514 198.9 159.7
227.497 157.899 229 157
177.846 157.442 179.5 156.2
179.346 163.922 179.9 161.1
248.082 147.092 248 148
246.108 153.787 246.3 153.7
172.274 177.595 174.5 180.3
256.799 169.169 256.2 171.5
197.109 173.986 198.9 178.8
231.325 170.42 231.6 174.3
185.654 169.804 185.9 173
184.953 179.121 185.5 182.2
242.3 162.379 244 167
244.102 171.567 244.2 175.6
183.065 173.964 186.2 177.6
242.983 167.442 242.9 171.5
197.914 210.115 200.2 210
235.088 205.514 239.2 209.3
217.304 208.547 217.6 203.5
216.924 216.88 219.2 216.4
188.945 233.943 191 235.1
247.902 229.778 246.9 231.9
217.873 228.392 217.6 229.7
217.417 232.725 217.8 234.4
216.904 242.843 217.5 248.7
216.396 250.611 217.6 255.3
217.449 286.001 219.7 289.1
