Helen\98.png
29
146.096 155.511 149 156
252.24 144.226 249 141
188.163 152.142 188 154
213.833 149.283 214 151
166.466 144.636 167 148
163.776 151.617 167 153
234.613 137.269 232 139
233.925 143.213 232 145
156.912 166.245 161 170
243.876 158.293 243 159
184.064 165.853 186 167
218.258 161.204 219 164
170.67 160.808 174 163
171.074 169.097 174 172
229.408 153.833 230 157
229.45 162.251 232 165
170.612 163.774 175 167
231.333 156.93 232 161
187.247 199.711 188 200
221.2 195.35 221 196
205.411 197.253 206 198
205.03 207.99 206 207
175.389 221.885 179.3 222.3
232.372 216.395 232 214
204.32 215.854 205.8 215.1
205.604 220.46 206 220
205.701 227.485 206.4 227.7
206.033 234.618 207 240.3
207.547 262.022 208 259
