Helen\113.png
29
143.664 161.592 143 163
241.218 142.06 239 142
178.981 150.113 176 154
204.688 144.98 202 147
156.327 149.409 157 152
158.01 152.849 158 157
222.09 135.74 219 137
222.98 142.328 221 142
152.311 170.127 152 172
234.152 154.623 232 153
177.904 165.689 176 167
209.421 158.819 208 158
164.952 162.193 163 164
166.139 171.103 164 172
220.252 151.109 219 150
222.68 159.289 220 158
166.117 165.2 164 169
220.984 154.847 220 154
183.247 194.783 184 195
216.149 188.813 216 187
198.931 187.585 199 188
201.995 197.967 202 198
178.485 218.627 181 219
235.617 209.166 232 209
204.564 208.082 205 207
205.107 212.733 207 213
206.68 220.813 209 223
209.18 229.381 212 228
217.277 261.286 219 259
