Helen\179.png
29
156.612 103.924 151 105
245.41 95.9688 247 97
189.205 101.997 191 103
212.717 100.5 213 102
171.638 93.046 172 97
170.117 98.9514 171 103
231.053 88.5278 230 93
231.381 97.3668 230 98
163.164 117.492 161 118
240.437 110.485 240 110
186.257 115.751 186 117
217.671 112.369 217 113
175.373 113.552 174 112
175.01 120.288 173 121
227.951 105.189 228 106
230.025 113.942 228 114
175.13 117.109 173 116
230.475 110.358 228 109
190.018 148.173 190 148
223.295 145.258 221 145
208.512 142.462 207 143
208.347 153.23 207 153
185.008 175.223 183 174
229.176 171.668 231.8 174.7
207.551 164.094 208.1 168.3
207.326 171.163 208.2 171.7
207.371 173.894 208.3 173.1
208.356 181.493 208.5 176.8
209.67 212.003 211 206
