Helen\320.png
29
159.222 158.095 163 159
258.522 149.609 261 151
192.318 159.618 192 160
217.755 156.07 215 153
172.856 150.82 176 152
173.477 156.718 175 159
237.649 142.193 237 143
238.645 150.441 236 150
168.034 174.414 172 170
252.896 166.956 255 164
193.103 173.665 195 172
225.377 170.05 228 167
179.729 168.051 184 166
180.5 177.251 182 175
236.568 161.688 239 159
238.783 170.728 241 170
180.863 172.157 184 170
238.611 166.116 241 164
188.679 210.501 186 211
226.411 207.559 227 207
202.462 208.438 198 210
205.473 219.039 203 221
186.829 233.679 189 236
250.887 232.684 249 232
214.089 230.707 213 229
214.415 236.413 214 235
214.995 245.448 214 246
216.309 257.024 214 255
219.252 291.865 219 288
