Helen\88.png
29
154.963 165.024 162 163
257.936 167.758 262 167
187.881 166.309 188 165
212.239 165.665 216 165
166.831 159.179 173 152
171.3 161.6 172 161
236.806 156.725 239 158
237.659 164.222 239 164
165.316 173.717 171 181
248.168 182.411 254 183
187.561 183.035 194 183
218.154 183.617 226 183
176.232 170.42 185 174
174.73 183.936 182 187
231.424 175.843 240 174
231.728 187.166 240 189
176.557 176.696 185 180
231.969 180.074 242 181
178.272 224.188 181 222
214.181 225.439 213 227
191.113 220.964 189 218
192.145 233.822 192 231
178.873 258.002 178 255
227.339 259.897 227 259
198.425 248.494 198 247
199.135 257.514 198 254
198.587 262.19 198 259
200.362 273.186 198 269
200.655 304.147 196 303
