Helen\121.png
29
38.5926 80.7015 45 81
137.715 74.7995 133 70
74.4007 77.3268 75 75
101.094 74.4777 98 69
53.6049 71.9555 59 69
53.7658 77.2786 61 75
121.491 65.7385 114 61
121.258 72.9466 116 67
48.1575 90.7006 49 92
129.957 84.1074 128 82
72.1769 89.1893 68 89
104.642 85.6334 105 84
57.7536 84.5224 60 85
59.1004 93.6878 59 93
117.299 79.3502 116 78
118.244 88.6218 117 86
58.2883 88.6381 59 88
117.458 82.7441 117 81
72.9448 118.694 77 118
104.074 115.404 105 115
87.1301 109.839 89 109
87.7134 121.751 91 121
69.9338 144.426 75 145
115.382 139.702 115 140
90.9763 133.427 92 133
91.4649 138.553 94 139
92.6175 142.667 94 142
93.5678 150.526 96 149
97.5683 180.868 99 178
