Helen\128.png
29
115.31 118.659 114 118
212.833 116.325 213 113
151.31 117.448 151 118
176.241 117.043 175 117
131.428 110.297 132 111
131.758 117.754 132 117
196.184 108.724 195 107
197.906 114.602 195 113
122.865 132.351 123 130
205.912 130.199 206 127
147.762 132.156 148 131
180.454 130.332 180 129
135.835 125.994 137 124
135.846 135.771 137 134
192.225 123.859 193 122
193.079 133.357 195 131
137.24 130.945 139 129
192.387 129.084 196 126
148.917 170.698 150 170
182.858 169.908 182 169
166.193 168.589 167 169
167.213 178.699 167 178
142.883 194.865 143 194
193.059 190.007 192 193
165.951 190.816 167 190
165.995 195.548 167 195
166.348 198.639 167 198
165.927 206.737 167 206
166.854 237.515 167 237
