Helen\148.png
29
96.2933 85.5683 94 85
204.458 90.5695 198 89
140.173 77.5298 150 80
166.28 81.4301 163 82
120.245 69.3221 120 75
118.355 78.2782 119 81
183.824 74.0626 179 79
184.164 80.1188 178 84
108.856 93.6452 106 97
194.08 94.0027 191 101
134.765 92.6677 135 99
168.565 93.5754 168 96
121.606 88.7571 121 92
122.235 95.8542 121 101
182.993 90.9026 179 93
181.439 98.2966 181 102
121.294 91.6689 122 96
183.277 93.2458 179 98
134.847 125.385 142 127
171.984 123.841 173 127
158.596 116.985 161 118
155.546 128.178 159 133
128.962 162.307 127 160
178.322 163.02 177 163
156.695 148.817 158 151
157.278 159.664 158 157
158.629 165.526 158 164
157.848 176.247 159 173
161.261 209.513 157 206
