Helen\7.png
29
86.5918 129.405 91.1 132.1
175.791 154.642 171.6 147.2
115.333 133.957 120.8 133.4
140.95 136.109 143.1 138.8
99.3835 122.391 107.6 125.8
98.8748 132.155 105.9 131.1
161.912 122.699 155 135
157.096 135.869 155.6 143.2
89.4026 143.699 88.3 147.4
163.331 162.022 167.6 163.3
110.429 148.734 113.1 148.9
141.279 155.542 143.9 156.4
103.051 139.283 103.6 143.3
100.92 148.239 101.7 147.3
151.823 152.323 156.6 155.1
150.174 160.831 156.9 159.6
101.786 142.843 102.9 145.6
151.47 157.012 156.9 157.2
101.8 179.827 101.2 179.7
133.46 186.824 137.2 186.6
117.936 177.884 115.7 177.6
116.73 188.496 115.7 190.6
87.2779 205.135 90.4 205.5
134.498 217.766 142.7 215.8
113.262 203.498 115.6 200.8
111.743 209.984 114.1 206.4
110.472 218.927 108.6 219.1
109.212 227.338 105.7 228.7
104.628 257.393 99.4 258.4
