Helen\104.png
29
83.3179 70.594 87 67
179.462 72.3879 185 76
113.377 67.4685 110 66
136.897 69.8488 139 69
96.1976 45.3026 99 56
97.4048 68.7844 99 63
158.343 59.8902 164 62
159.897 70.2439 165 69
88.8253 89.1769 96 88
174.157 88.7968 175 93
113.86 91.6338 116 91
145.506 88.9693 146 91
102.57 75.5395 107 84
99.4806 96.172 105 95
156.43 82.1492 161 86
157.317 93.4134 160 97
103.014 88.3084 107 90
157.354 87.0185 162 92
105.527 124.238 105 124
138.489 123.12 139 123
112.939 118.965 115 117
118.686 129.294 118 130
100.724 159.745 102 155
149.495 155.168 151 154
120.093 145.587 120 146
120.585 153.011 120 153
121.889 158.806 124 156
121.982 170.185 123 164
127.531 206.357 120 202
