Helen\114.png
29
77.5482 71.9744 82 68
173.074 86.004 173 82
112.189 73.8066 112 72
138.956 80.2078 138 76
93.7593 61.5258 99 61
96.3272 70.0307 97 68
159.997 73.4524 156 72
157.233 78.5958 157 79
83.5243 87.9876 85 89
163.717 100.893 162 101
108.63 92.4523 106 93
138.416 97.4225 141 97
97.0476 84.9114 96 86
94.911 92.8448 95 94
151.147 93.7423 152 94
151.3 102.145 151 102
95.8724 89.6788 96 90
150.964 98.7857 152 98
96.625 124.233 97 119
127.715 127.267 126 124
104.744 119.423 108 114
111.674 129.636 107 126
86.8957 148.151 90.3 147.5
133.306 153.733 131.8 155.2
110.641 143.01 105.5 138.5
110.533 148.615 106 144.6
109.543 150.87 105 151.2
109.79 159.995 104.1 159.9
103.912 195.378 99 190
