Helen\242.png
29
89.6838 108.889 90 112
184.554 96.873 180 95
123.142 103.778 125 104
150.076 101.373 148 100
103.687 99.1374 108 101
105.449 104.871 107 106
164.781 87.8958 164 90
168.311 96.7535 165 96
97.5176 124.351 96 122
177.968 109.982 177 107
122.301 118.703 121 118
154.793 113.561 153 112
110.003 115.998 109 115
109.963 123.953 110 122
165.702 107.477 164 105
168.274 114.715 166 111
111.132 120.783 110 119
167.018 110.527 166 108
126.053 144.041 127 146
159.616 139.793 162 138
143.875 139.635 146 138
144.445 149.86 147 148
117.928 169.432 121 170
176.68 160.996 172 161
144.579 158.691 146 159
145.507 162.866 147 165
146.538 172.268 148 171
147.707 178.941 149 179
149.631 210.085 153 207
