Helen\37.png
29
158.21 80.4949 164.9 85.2
261.134 92.3502 261.3 91.7
193.774 90.4422 187.3 88.1
219.966 92.3533 218.2 90.9
174.456 78.923 172.7 76.8
175.762 87.3121 174.1 83.9
239.267 82.216 237.7 81.3
239.416 90.1274 237.1 87.7
165.845 101.866 162.4 103.7
252.884 107.385 252 108.7
191.254 106.313 189.8 105.9
223.19 107.731 222.4 108.9
179.65 97.2963 173.2 98
177.458 106.925 174.1 103.9
236.755 101.25 234.2 103.2
236.436 111.676 234.4 109.2
178.499 103.19 174.4 102
235.379 105.838 234 106.1
183.877 138.849 182.3 146.5
223.166 141.529 225.4 146.4
202.754 141.057 194.2 143.1
200.454 154.069 199.7 151.4
176.078 167.142 183.4 164.7
235.522 170.223 243 171.6
205.168 163.783 202.8 162.1
205.562 168.108 203.1 168.3
206 180.485 200.8 184
204.86 190.583 200.4 193
203.272 223.678 202.1 225.9
