Helen\319.png
29
86.8877 146.617 92 145
188.023 138.257 185 135
122.417 140.987 120 143
148.371 139.73 147 140
102.239 137.793 105 138
105.925 140.631 105 143
171.057 128.739 167 130
168.719 135.475 168 135
97.7024 158.61 98 158
179.259 151.851 179 149
122.59 159.417 119 157
154.028 155.118 153 152
109.789 152.262 109 152
109.373 159.954 109 161
165.94 147.895 166 145
167.448 155.941 167 154
111.728 155.534 110 156
165.94 151.977 166 149
123.312 190.443 122 190
156.239 187.071 155 188
136.351 186.632 137 187
139.68 196.185 138 197
115.147 213.887 119 214
168.237 210.961 168 209
140.08 207.564 142 209
140.262 213.25 143 214
139.298 217.207 143 217
141.083 226.845 143 224
140.197 255.316 147 251
