Helen\217.png
29
145.634 154.649 145 158
246.022 159.024 246 158
178.134 157.687 178 161
203.997 158.741 203 159
161.855 149.446 161 154
161.5 156.643 161 159
229.664 152.933 226 151
223.612 158.714 225 157
154.836 165.604 155 165
239.92 169.466 239 168
178.465 168.309 179 168
211.305 169.938 212 168
165.107 162.104 167 162
164.814 171.542 167 170
223.54 164.254 225 163
223.319 174.235 225 171
165.243 167.121 168 165
223.947 169.331 225 166
174.586 202.734 171 202
208.218 203.998 210 203
186.497 204.577 185 202
188.432 212.395 187 212
165.362 227.472 169 222
220.493 228.169 224 224
191.668 224.576 193 222
190.488 228.747 193 226
190.347 234.288 194 234
190.013 243.672 193 242
188.75 276.752 189 274
