Helen\252.png
29
79.5738 61.5138 81 58
168.562 57.7608 170 57
109.798 60.8876 109 61
133.682 58.7248 131 59
93.7965 52.3657 95 55
93.8031 60.9965 94 59
153.621 50.4766 151 51
153.099 57.0886 151 56
85.6969 73.0693 87 73
163.013 72.4715 164 70
108.915 73.3189 108 72
138.091 72.5392 139 71
96.5858 69.071 97 67
96.5567 76.2205 97 77
151.253 66.7697 151 65
152.315 74.4679 151 74
97.916 72.0498 99 72
151.172 70.3614 152 69
103.058 103.216 100 102
135.645 102.603 132 101
117.45 94.5372 111 95
116.028 106.649 113 106
97.1227 126.72 97 128
143.046 126.826 143 126
119.473 118.137 114 116
119.453 123.118 116 123
119.316 127.099 115 126
117.777 134.023 116 135
119.248 164.444 114 159
