Helen\270.png
29
77.0125 91.0166 75 91
172.854 75.5438 173 74
106.76 86.9046 108 86
131.046 79.9069 131 80
89.1691 82.1667 89 81
90.6498 87.8773 90 87
152.12 67.5877 151 68
153.051 74.7712 153 73
85.7987 101.381 85 103
167.107 90.3658 165 88
110.064 98.7965 108 100
140.585 92.475 139 92
95.6643 95.5759 97 95
97.4348 104.581 97 104
151.431 84.4504 151 84
153.245 93.9173 152 93
97.2523 98.7888 98 99
153.219 88.0669 152 88
108.187 133.582 108 131
138.598 129.139 138 126
119.538 127.001 116 124
123.201 137.884 119 135
107.384 156.543 109 158
154.838 151.804 155 150
128.121 147.949 128 148
128.486 153.807 129 153
129.273 156.935 130 156
130.18 164.284 130 164
135.235 198.139 136 196
