Helen\102.png
29
188.981 171.239 189 168
293.986 167.348 291 160
235.379 171.889 241 167
261.202 171.682 264 170
212.9 162.009 214 160
211.861 168.453 213 166
278.97 161.732 279 158
279.32 166.44 279 164
201.695 182.48 199 182
283.515 180.669 280 179
228.174 183.277 227 183
260.712 182.54 260 183
217.309 177.1 215 177
215.35 186.996 214 187
271.278 175.252 269 175
272.541 185.118 272 185
214.856 181.501 213 182
271.222 179.552 269 180
227.803 222.614 235 223
265.901 221.373 268 221
255.578 220.31 263 223
250.566 230.288 257 231
209.424 245.186 216 246
268.811 243.852 267.6 245
242.541 242.98 254.2 245.2
243.311 247.467 251.5 250.6
243.261 251.592 251.5 251.8
242.523 258.971 250.9 262.8
240.247 292.016 246 297
