Helen\125.png
29
140.566 139.851 141 143
229.689 131.636 230 133
172.717 135.955 173 140
197.259 135.368 197 136
154.261 131.64 156 135
155.511 137.645 157 140
213.919 125.85 214 128
215.328 133.996 215 134
147.611 153.451 149 157
224.989 146.976 226 149
171.49 151.502 171 155
201.716 149.553 203 149
158.815 147.787 160 151
158.52 155.254 161 160
213.491 141.607 214 144
215.296 150.706 216 152
159.834 151.505 161 155
214.496 147.56 215 148
174.435 184.998 173 184
204.071 181.966 206 180
192.662 176.313 187 174
191.75 186.43 189 186
171.236 212.805 174.1 216.1
216.627 208.27 214.8 210.2
193.124 199.494 192 202
194.024 206.698 193 208
194.336 212.046 194.3 215.7
195.71 221.015 196.2 226.4
197.6 248.546 198 248
