Helen\205.png
29
127.589 139.128 132 138
218.136 134.284 220 137
163.693 143.29 165 145
183.775 147.958 188 141
144.95 137.824 148 135
144.584 142.26 148 139
204.806 133.134 204 133
205.533 133.605 205 138
137.655 153.555 140 148
213.515 147.106 214 146
161.236 153.236 162 149
189.672 147.919 193 147
148.814 148.473 151 144
147.896 154.676 152 151
197.767 145.991 203 142
206.454 148.74 205 149
149.644 151.202 151 147
199.709 146.514 204 144
162.55 176.203 167 176
194.369 174.624 196 175
176.934 175.641 183 174
179.534 181.482 183 182
158.078 194.158 160 196
203.969 193.982 204 194
181.695 189.8 182 191
181.477 193.955 183 196
180.543 195.966 183 199
181.695 203.483 183 206
183.107 224.097 185 228
