Helen\300.png
29
143.686 153.973 147 152
248.93 164.972 247 163
180.135 164.109 177 164
202.031 165.746 201 163
159.432 153.079 161 153
158.865 158.369 160 158
224.748 157.234 225 155
223.42 165.738 225 161
153.772 170.623 155 166
236.251 177.464 236 176
176.582 174.748 178 171
209.208 177.305 209 176
165.376 166.035 167 163
163.122 174.508 165 172
222.036 171.824 222 170
221.319 181.265 222 180
164.523 170.157 168 168
223.109 175.313 224 175
168.968 211.562 168 211
202.54 216.128 201 214
179.641 212.958 177 212
182.303 222.283 180 221
162.564 232.622 168 230
217.243 236.514 216 237
187.781 231.967 185 234
188.642 235.601 186 237
189.592 238.518 187 240
187.828 245.69 188 248
187.383 279.741 188 274
