Helen\246.png
29
148.418 147.24 151 143
249.805 153.474 247 147
184.612 143.941 186 142
214.179 147.976 214 144
168.077 135.323 167 136
166.554 144.025 168 142
233.042 140.847 231 139
232.475 148.618 230 144
158.076 156.637 160 155
240.096 158.662 239 155
181.313 154.854 181 154
214.922 158.177 219 156
170.519 150.908 171 150
168.172 158.315 171 157
228.392 154.059 229 152
227.974 160.785 229 158
170.164 154.079 171 153
227.207 157.051 229 155
182.02 184.636 185 177
214.59 188.586 216 178
201.084 177.152 200 173
199.444 187.83 200 183
174.576 205.769 173 205
222.873 208.261 218 205
198.901 199.278 196 195
198.247 204.842 197 200
198.246 215.476 199 211
198.014 222.176 198 220
195.537 252.563 196 247
