Helen\286.png
29
135.912 136.237 136 138
239.02 135.864 236 135
174.231 138.07 173 137
200.408 137.953 201 136
153.491 129.795 154 130
153.127 137.596 154 136
219.666 127.56 219 128
220.788 136.503 219 134
145.173 149.727 146 149
228.973 147.991 228 147
171.008 149.644 171 149
203.474 148.652 204 148
158.424 143.269 159 143
158.305 153.62 158 153
215.303 141.877 215 141
215.568 152.123 216 151
159.249 147.263 159 147
215.389 146.199 216 145
171.051 188.057 174 185
201.907 187.351 203 185
186.039 184.266 189 182
186.266 196.698 189 193
162.354 217.777 164 214
211.597 217.467 211 214
186.224 208.18 188 207
186.401 215.705 188 213
186.469 219.342 187 216
186.731 226.486 188 223
189.9 258.74 188 254
