Helen\150.png
29
153.831 141.499 155 146
248.297 131.124 245 137
191.315 141.109 191 141
215.537 138.499 217 139
171.224 134.623 172 136
172.975 142.332 172 142
232.777 129.521 231 131
231.529 136.767 232 137
160.268 154.196 162 156
243.373 147.034 241 149
186.687 152.688 187 154
219.816 150.046 219 151
175.424 148.699 174 150
175.659 156.382 175 158
231.79 143.615 230 145
231.324 153.134 231 153
174.765 152.042 174 154
232.45 147.253 230 149
191.508 184.99 192 185
224.146 182.539 225 181
207.106 180.178 211 179
208.255 192.698 210 190
181.432 210.59 184 212
234.747 206.766 234.5 205.9
209.252 204.091 213.9 204.6
210.681 210.644 212.4 211.5
210.412 215.843 211.5 216.6
209.867 225.226 213.6 228.4
212.475 253.359 214 253
