Helen\199.png
29
176.477 85.9793 181 82
283.978 97.9504 284 96
221.579 86.8895 223 86
248.323 90.5946 252 91
200.373 74.6069 202 76
198.863 83.8457 201 83
268.09 84.9271 269 86
267.358 91.4768 269 92
189.164 97.1516 188 95
273.588 105.626 274 107
215.018 99.5697 215 99
248.24 102.936 249 103
202.867 91.544 202 92
200.404 101.214 201 101
261.76 97.9293 261 99
261.156 109.884 261 109
201.86 94.5618 200 96
260.07 101.951 259 104
214.554 139.866 217 139
248.352 142.798 250 141
234.028 136.348 238 136
231.016 147.346 235 147
201.824 168.55 202.7 170.6
249.256 173.783 249.6 177.9
228.008 164.631 229.2 170.3
227.058 170.84 228.5 174.4
226.833 173.623 228.5 175.3
224.658 181.509 229.2 184.7
219.906 213.885 226 217
