Helen\79.png
29
161.485 138.191 160 140
247.796 137.486 248 138
195.629 140.779 195.7 138
219.199 140.629 218 140
176.285 131.24 175.3 133.4
177.918 139.633 176.1 138.3
234.135 130.419 234 133
234.941 138.797 234.2 137.2
164.653 153.584 165.5 151.6
242.653 152.354 243 152.3
189.217 154.364 190.1 152.2
220.258 153.167 224.3 151.5
179.855 147.856 178.8 147.1
178.19 158.164 178.2 155.7
231.415 147.739 234.1 147.6
231.47 155.015 233.5 155.3
178.958 152.844 176.9 151.1
231.029 151.904 233.7 150.9
191.725 183.379 189.8 183.2
222.805 184.548 227.3 183.6
211.423 177.585 215.2 173.8
206.6 189.914 212 187
178.427 207.915 176 203.5
233.963 208.414 236.4 205
204.501 199.259 210.7 202.2
205.208 206.679 210.8 206.5
206.086 213.222 211.7 214.1
205.69 221.978 212.1 221.8
207.196 261.408 212.2 260.7
