Helen\115.png
29
151.049 141.975 152 141
250.995 152.079 253 156
186.511 145.877 186 145
214.312 149.37 215 148
165.618 135.698 169 134
166.09 143.197 168 140
234.604 141.144 236 143
235.768 147.129 236 149
157.44 157.226 159 158
240.052 166.293 240 168
180.83 161.185 183 162
213.418 164.73 215 166
168.974 154.958 172 155
167.637 161.736 170 163
227.847 159.12 229 162
226.393 168.315 228 170
167.935 158.349 171 158
227.489 162.872 228 166
175.432 190.469 176 192
212.509 193.141 210 196
191.585 190.465 192 192
193.167 201.884 191 202
162.196 215.232 164.2 214
219.365 218.213 220.9 220
191.029 210.432 190.7 211.3
191.262 215.301 190 218.1
190.357 227.042 189.1 228.1
190.497 235.305 187.1 241.1
187 261.369 185 262
