Helen\58.png
29
187.192 107.219 188.5 109.9
284.419 111.422 273.6 124
224.949 111.128 222 107
244.318 111.411 248.8 113.5
212.328 99.0018 203.2 102.9
207.339 109.888 204.5 109.1
257.937 98.3573 261.7 119.6
264.016 110.44 262.7 110.9
192.017 125.665 190.9 125.3
270.723 129.309 269.4 140.4
219.554 125.541 222.7 127.4
247.075 129.622 251.8 134.2
209.162 113.443 209.1 121.6
206.662 129.09 208.1 129.2
262.218 115.703 263.9 133
260.765 128.49 262.9 139.6
206.108 125.354 211.6 125.6
262.742 119.193 266 137.1
221.456 161.155 216.3 161.8
254.268 165.326 258.5 167.4
244.86 157.896 249.1 156.4
239.419 169.059 242.5 170.7
208.14 193.001 209.2 190.8
255.997 194.839 253 192.9
235.905 186.433 238.7 182.3
235.165 191.146 236.8 189.3
233.975 197.093 234.1 195.7
233.388 207.298 234.1 206.6
231.275 236.36 229.3 242.2
