Helen\6.png
29
120.019 124.333 121.3 121.4
223.133 133.365 222 131
158.024 127.55 152.8 121.2
185.938 129.556 188.5 129.7
138.506 118.222 138 115.5
137.893 124.621 137.6 119.6
204.613 125.022 205 124
204.446 130.782 204.6 128.2
128.619 135.992 130.7 136.6
211.709 145.044 212 145
153.732 139.201 156.6 140.7
186.075 143.105 186.5 143.8
142.665 132.777 144.5 131.7
140.563 139.882 142 143.8
198.535 137.505 199.5 137.7
198.817 146.899 199.6 149
142.381 135.957 144.2 137.5
198.548 141.554 199 143
150.022 170.869 150.6 175.4
185.174 174.111 185.4 177.5
168.39 170.67 169 172
165.857 180.348 168.4 181.1
133.996 186.791 138 189.4
195.082 192.326 196 194.2
166.328 187.255 166.3 193.5
166.503 191.84 166 197.8
164.906 200.702 165.6 204.2
164.474 207.936 165.2 212.3
163.316 235.029 163 234
