Helen\261.png
29
155.194 138.709 159 137
248.877 125.532 251 129
190.521 133.618 194 135
215.181 131.841 217 133
172.553 127.214 175 129
174.036 132.706 175 135
233.034 121.87 235 123
233.23 128.423 235 129
165.209 153.349 167 152
242.905 143.219 244 145
189.682 153.201 191 152
219.584 148.021 221 148
177.736 148.351 179 145
179.079 156.752 179 155
230.51 137.52 232 140
231.059 143.19 233 149
177.838 152.736 179 150
231.458 141.376 233 145
193.332 186.515 194 187
223.084 185.038 223 184
208.322 177.964 209 183
208.161 188.764 210 194
182.011 212.4 187 211
233.551 207.042 233 210
208.679 204.489 210 206
206.87 210.84 210 212
208.707 215.671 210 218
208.854 220.886 210 227
209.5 244.157 209 258
