Helen\99.png
29
73.265 106.896 71 110
172.005 120.525 170 127
114.175 110.139 116 108
138.862 115.484 139 116
92.9496 97.8622 93 102
92.8866 107.547 92 108
156.509 110.293 156 116
155.387 114.896 155 121
79.509 120.462 80 121
161.988 131.909 160 137
105.886 121.226 104 124
138.284 127.191 141 132
94.6006 114.412 94 116
93.5156 125.066 93 126
151.907 123.924 151 128
150.781 133.715 151 138
94.3247 119.638 94 122
150.33 127.628 151 135
106.167 156.938 106 156
137.711 163.269 138 163
128.89 152.409 126 151
122.078 164.992 123 164
89.2063 187.281 89.8 186.1
139.459 191.754 136.3 195.7
118.191 181.401 118.6 180.2
117.313 187.062 116.3 189.6
115.983 190.8 116.2 189.8
114.889 200.512 114.1 200.9
112.111 233.21 108 234
