Helen\257.png
29
92.1529 98.2352 92 100
181.153 92.0594 183 99
124.32 99.3197 121 102
150.121 97.2426 146 99
106.202 89.1801 105 95
106.422 102.095 106 100
165.708 85.4801 162 94
165.415 94.6911 164 99
95.7846 112.057 99 112
176.391 106.323 179 110
122.556 111.636 122 112
153.104 110.175 154 110
109.722 108.538 110 108
107.132 115.502 111 115
162.724 104.866 166 105
165.168 113.187 167 113
110.278 110.29 111 111
165.422 108.04 167 109
120.663 141.199 123 141
154.156 139.603 154 140
137.714 137.733 136 137
137.902 148.121 137 146
116.638 167.122 118 164
161.233 163.953 164 163
138.257 157.06 139 157
136.973 163.775 139 163
136.463 166.924 140 166
135.193 173.492 141 173
135.626 200.315 143 198
