Helen\51.png
29
152.132 91.5114 148.3 93.1
246.605 85.5726 246.3 82.4
185.692 90.1345 184.9 82.7
213.047 88.522 215 81.5
167.109 80.7184 163.7 79.7
164.921 89.5193 164 86.1
231.99 80.6404 229.9 76.2
230.879 87.0649 230.4 83.2
158.486 104.209 159.7 104.3
240.051 104.005 240.7 100.6
183.86 104.337 183.7 103.9
215.409 103.74 216 103.7
171.028 98.4353 171.1 97.7
171.04 107.468 171 106.2
226.028 97.4416 230.1 96.4
228.085 106.146 231.2 104.7
171.347 104.32 170.7 101.3
226.914 99.9439 230.1 100.2
185.84 133.296 187.1 136
219.148 132.523 219.4 135.5
207.01 126.583 205.5 127.3
203.421 140.565 205.8 140.2
173.544 156.924 173.9 155.6
231.511 154.304 230.1 155.7
200.249 148.365 205.6 146.7
202.628 156.347 205.1 156.2
203.086 171.081 205.9 165.2
203.343 181.355 206.3 172.4
203.823 215.547 208.3 204.1
