Helen\23.png
29
116.175 96.0116 121.4 98.8
224.08 71.3107 227.2 68.9
147.144 94.4885 143.8 93.9
171.07 85.2249 176.6 79.5
131.146 88.1014 128.5 89.6
130.565 96.8722 129.9 95.6
196.892 62.2244 196.9 64.5
201.353 72.1849 200.1 71.5
129.22 111.077 132.9 115
214.795 91.4624 216.6 94.5
153.669 108.082 156.5 109.9
186.939 99.2059 186.4 101.8
140.792 102.768 142.3 105.9
143.036 114.189 144.4 117.2
198.41 88.8587 198.8 91.2
202.549 99.9231 202.2 101.9
141.585 109.23 148.6 108.4
199.77 92.3795 205 95
152.488 144.538 157.2 153.3
190.686 138.466 190.1 145
164.36 141.78 156.9 145.8
168.633 151.343 170.3 153.3
163.11 177.354 163.7 177.5
211.705 164.911 211.4 165.9
178.948 163.605 177.8 168.6
178.814 170.587 180.2 176.1
181.093 172.721 180.4 177.9
183.697 183.372 182.5 187
191.007 212.63 191.7 219
