Helen\290.png
29
151.057 127.712 154 131
253.51 146.303 251 148
184.2 135.517 190 134
213.433 138.638 213 140
167.906 124.503 175 124
167.834 132.215 172 131
233.303 134.864 234 138
231.325 141.236 233 144
156.54 142.036 157 143
241.918 153.945 242 151
181.452 146.263 183 145
215.77 151.294 215 150
169.9 137.695 172 140
167.891 147.099 170 146
227.384 147.762 229 146
226.914 155.497 228 153
168.917 141.91 171 144
226.712 150.964 229 149
173.451 176.274 175 174
208.976 180.672 208 179
182.597 175.016 190 171
186.857 186.798 189 183
164.465 199.906 165 196
219.983 205.87 217 206
191.369 199.306 191 196
189.886 203.054 190 201
189.743 208.287 188 212
189.245 217.649 187 220
187.949 250.756 182 247
