Helen\324.png
29
45.9946 28.89 47 29
147.588 29.8989 146 28
83.2875 31.9371 81 30
108.412 32.2218 107 31
62.4641 24.8398 62 23
61.8943 30.0999 62 29
129.37 23.9206 128 22
128.658 29.2341 128 28
55.3794 40.5019 56 39
137.865 40.4227 137 40
79.6306 42.225 79 40
111.581 42.4813 113 41
68.0374 35.3045 68 34
67.2146 44.9826 67 44
124.028 35.6317 124 35
124.161 44.6528 125 44
68.4958 40.7223 68 38
124.213 39.9237 124 39
80.5694 76.4748 79 76
111.48 76.6388 110 77
95.5896 77.7319 92 77
93.5282 85.448 93 85
73.391 97.9819 72 95
120.321 96.4867 120 96
94.1549 96.5845 94 96
94.2998 99.2589 94 100
96.394 103.379 95 103
95.7877 110.516 94 111
99.4849 132.998 94 133
