Helen\287.png
29
151.146 148.474 149 142
252.443 132.679 252 132
185.693 141.464 184 136
214.723 135.696 214 132
165.02 134.068 164 129
165.457 141.632 166 137
235.702 124.486 233 122
234.579 133.084 233 128
160.401 158.354 161 159
244.962 149.84 244 148
185.903 157.303 185 156
218.58 153.24 219 152
172.193 150.917 173 151
173.131 159.285 174 160
230.613 143.606 231 144
233.1 153.269 232 154
172.561 155.834 174 156
232.791 148.477 232 149
190.761 189.939 188 185
223.026 186.972 223 181
203.347 178.396 202 176
206.45 193.058 204 190
186.346 220.737 186 211
235.975 214.367 238 209
208.349 205.663 207 200
209.604 213.692 209 206
210.25 222.893 213 223
212.282 232.361 216 234
217.245 260.509 219 262
