Helen\141.png
29
220.688 162.39 222 166
321.674 161.879 322 159
254.341 163.173 254 163
282.757 162.947 283 162
235.474 155.569 237 158
236.322 162.918 237 165
304.631 150.396 304 151
303.028 159.974 305 158
227.125 181.255 228 179
311.229 176.676 311 177
252.607 178.663 252 177
285.975 177.713 285 179
239.663 172.613 240 172
239.203 184.663 239 182
298.614 172.276 297 172
299.158 182.369 298 182
239.621 178.786 240 177
298.637 176.055 297 178
250.387 216.445 251 215
283.21 216.789 284 215
265.846 210.742 267 208
266.149 223.321 267 221
243.618 247.511 246 252
291.78 248.124 290 249
267.239 240.084 267 239
266.794 247.082 269 246
267.324 250.137 267 254
267.599 262.084 266 262
268.776 295.102 268 297
