Helen\201.png
29
61.5063 124.563 63 129
159.725 105.54 159 106
95.5306 118.082 95 119
120.049 113.023 121 111
76.9348 115.431 77 117
78.4103 120.382 78 123
136.46 98.8041 139 100
139.541 108.09 141 107
72.0862 135.704 73 138
154.309 119.774 153 119
96.2442 130.53 96 133
127.871 124.934 128 124
83.9479 128.152 84 129
84.6092 137.233 85 139
138.003 116.116 139 116
139.724 125.242 142 125
85.016 131.2 85 134
139.118 119.397 140 120
97.0481 163.007 99 164
129.17 157.443 130 157
110.263 156.169 111 155
114.097 167.154 114 167
95.2385 191.036 99.1 193.5
146.864 180.339 146.6 184.2
117.168 179.949 116.3 180.3
118.88 186.036 117.9 188.1
120.349 190.897 118.7 191.1
121.114 198.866 120.3 201.8
128.687 227.668 126 227
