Helen\137.png
29
116.652 131.426 118 131
215.792 114.362 215 121
153.974 126.166 155 126
179.623 123.297 184 124
133.006 121.562 134 122
133.823 129.664 136 128
198.22 112.973 199 116
198.847 120.714 200 122
127.313 144.983 129 140
206.445 132.245 207 132
151.136 140.577 150 139
182.667 136.343 186 135
139.208 134.076 139 134
139.634 144.465 139 143
194.927 127.506 195 128
196.379 134.998 196 136
138.959 140.655 139 138
195.534 131.34 195 132
155.8 171.533 159 173
188.737 167.331 194 168
173.567 166.056 180 168
174.675 173.752 180 178
148.311 193.837 151.5 195.7
200.242 187.119 198.7 190.6
173.852 185.783 180 193.1
174.475 190.097 180.8 197
174.601 193.457 180.7 197.2
176.191 201.869 180.7 201.7
178.13 234.355 181 233
