Helen\132.png
29
32.6518 99.9494 35 94
131.048 93.195 131 93
69.563 96.7538 70 94
96.8168 96.8483 96 91
46.6767 91.2878 54 87
48.0087 97.4733 53 92
118.507 89.2555 113 87
115.127 96.5704 114 91
40.8477 111.15 42 107
124.636 108.089 124 106
67.1163 110.422 67 108
99.911 108.454 100 107
54.4418 107.346 54 102
53.9944 113.353 53 111
111.084 103.723 112 101
113.154 110.35 113 110
56.6861 107.282 55 106
113.084 106.893 112 105
66.1814 141.231 71 135
101.759 140.44 98 134
77.4543 141.916 85 131
78.268 147.263 85 140
57.6613 163.772 65 158
115.786 166.052 103 156
84.6303 154.615 84 151
85.6179 169.772 84 156
83.7642 161.533 84 157
83.5394 166.437 85 163
80.4615 188.021 86 186
