Helen\106.png
29
124.949 125.478 125 128
217.778 130.786 213 133
158.786 133.592 156 134
181.043 133.536 181 134
141.013 123.697 140 124
141.404 129.438 139 130
197.477 125.691 197 128
198.61 130.606 197 133
136.602 139.488 134 136
204.731 141.224 209 138
156.437 141.412 155 139
184.09 141.369 187 139
145.585 136.238 144 133
144.93 143.392 144 141
196.028 137.082 196 134
195.661 144.841 198 142
144.755 138.852 144 136
195.744 139.471 197 137
154.99 174.925 155 173
183.39 174.79 184 174
168.033 175.596 168 175
167.496 182.744 168 183
149.49 192.425 148 190
192.22 190.962 191 192
168.025 191.3 169 191
167.981 196.687 169 195
167.016 197.856 169 197
167.954 207.796 169 203
168.449 225.284 170 222
