Helen\174.png
29
160.03 172.917 165 173
258.073 170.097 262 172
192.738 170.752 193 175
218.368 168.473 222 175
173.409 166.186 178 164
174.127 171.488 178 171
237.342 158.324 245 158
239.668 166.012 245 167
166.53 189.207 172 192
249.802 186.743 250 189
190.721 189.569 191 193
222.751 188.177 226 190
178.888 185.813 182 187
178.675 194.7 181 197
235.695 180.69 237 183
237.105 189.687 238 194
178.202 189.03 182 192
236.106 186.306 238 188
176.58 228.415 187 228
223.76 229.501 218 234
198.711 226.184 197 226
197.889 239.906 199 237
179.579 260.787 188 259
233.403 260.01 233 260
204.328 252.478 207 255
204.819 258.095 208 260
205.316 261.748 209 260
204.281 269.081 208 267
204.731 301.579 210 292
