Helen\158.png
29
27.2863 66.9836 28 69
125.365 76.3256 128 85
60.4783 73.0727 61 71
87.5207 73.4933 86 71
40.3341 62.8055 44 64
41.6659 69.3982 43 68
108.932 68.3297 109 69
103.462 74.415 109 75
33.2848 78.8034 36 75
115.527 87.3114 117 84
56.6776 80.951 59 79
90.2414 84.1434 91 81
45.6662 74.1132 48 72
44.2395 80.8436 47 79
102.901 80.4928 104 77
100.937 88.141 104 85
45.0079 76.2661 49 75
101.994 83.0207 104 80
50.7702 113.314 53 113
84.4367 117.177 86 116
70.1412 115.363 66 114
65.7596 121.879 67 123
44.5282 132.045 48.3 132.1
96.7151 137.7 87.3 140.9
70.2178 131.12 65.8 133.6
69.0119 133.664 65.5 137.1
68.589 137.755 65.4 137.9
67.4236 144.136 64.7 143.9
66.0747 169.622 69 167
