Helen\52.png
29
92.3384 64.1692 94.6 64.5
190.338 74.0346 191 78
129.807 66.4347 127 66.5
155.964 70.0315 159 72.9
110.051 57.4608 112 58
109.306 63.8019 111 64
175.25 66.0894 175 68
174.879 72.3483 175 74
99.6319 77.8573 100.2 79.8
180.404 85.9753 182.7 90.5
124.227 80.1366 125.3 84.4
156.923 83.5844 157.9 88.3
113.631 73.9949 113.4 74.3
111.69 82.9403 112.7 83.6
167.909 79.9954 170.8 82.1
169.24 89.1653 171.3 90.8
113.674 78.0418 113.2 78.8
169.998 83.7636 170.4 86.5
121.23 112.605 121.4 112.1
153.668 114.517 155.3 114.3
138.813 107.262 138.1 104.5
137.894 119.132 137.3 118.2
109.763 136.706 109 136.8
159.425 139.698 160 141
135.584 132.196 135.1 130.2
134.888 137.556 134.8 135.4
133.689 142.067 134.3 151.3
133.868 151.708 133.7 160.8
130.266 180.053 131.9 183.1
