Helen\342.png
29
136.091 152.935 142 158
231.428 143.582 226 144
170.036 150.935 172 156
195.784 146.74 193 147
148.965 135.398 157 152
152.361 151.874 158 157
209.036 131.114 208 138
212.273 142.576 210 144
144.335 167.41 149 169
225.874 156.53 224 157
170.802 165.93 168 166
200.852 159.075 201 159
159.113 161.523 159 164
157.543 169.945 158 171
212.207 153.877 212 154
213.24 161.431 212 162
159.402 165.957 159 167
213.503 157.456 213 158
168.833 194.975 170 195
200.294 189.78 202 190
180.815 188.952 183 190
184.151 198.345 184 198
161.735 216.616 166 218
213.817 211.728 212 212
187.129 210.073 187 210
186.882 214.453 187 215
189.045 218.087 188 217
188.965 224.972 189 224
192.211 254.61 193 251
