Helen\76.png
29
161.766 144.898 159.8 151.7
262.597 141.424 262.1 139.5
205.223 143.232 207.9 140.1
231.781 144.123 234.8 144.2
182.031 135.634 180.6 136.7
181.665 142.675 180.5 145.7
248.095 133.572 249.4 135.2
249.335 139.714 249 142
171.574 155.199 173.5 156.7
254.324 151.987 253.8 153.1
199.786 154.562 199.9 157.3
232.593 154.131 229.9 157.5
186.417 148.41 186.6 151.3
186.923 158.743 186.6 159.4
244.169 147.081 242.2 150.2
243.756 156.77 243.2 158.6
186.082 153.171 185.1 154.9
242.7 151.897 241.1 154.7
204.633 194.411 201.9 193.5
235.982 194.096 236.2 194.8
226.682 194.234 227.2 190.6
219.615 201.767 223.2 202.7
188.559 215.269 187 214.4
240.042 214.349 237.4 218
213.537 212.05 218.7 217.7
214.152 218.414 218.7 220
214.259 220.388 218.5 221.1
213.323 227.242 218.7 227.1
216.44 255.936 216 262.5
