Helen\24.png
29
35.9137 76.3081 33.9 76.8
139.073 67.9242 136.1 65.6
79.7907 76.5354 79.2 76.7
107.585 74.3985 114.9 71.4
58.5196 68.8535 50.9 70.7
56.8802 75.6113 51.2 77.8
121.41 62.9607 126.6 62.2
125.928 68.9295 127.5 67.7
49.4379 91.148 48.4 90.4
129.404 82.9563 129.8 81.4
73.8032 89.2178 77.1 91.4
107.48 86.5211 108.3 86.8
61.7354 83.9908 62.1 83.7
62.3574 93.9322 61.7 93.9
119.096 80.4093 119.2 76.9
122.265 90.2334 120.3 87.6
61.9545 88.78 60 87.8
120.045 83.4142 117.4 81.6
78.6173 124.429 81 128.9
112.967 119.496 114.4 124.6
100.025 119.275 105.1 121.5
99.7368 128.842 101 132
70.612 150.074 72.8 150.6
119.987 139.53 114.3 143.8
96.0219 139.924 96.4 143.8
96.29 146.189 97.2 147.3
96.6284 151.744 96.6 152.5
96.3379 155.914 97.8 160.9
100.053 181.537 97.7 182.6
