Helen\177.png
29
58.2309 105.649 60 105
156.798 107.724 155 106
95.7902 105.158 96 104
120.179 105.29 121 104
75.639 96.1966 77 97
75.7083 104.653 77 103
140.962 97.9231 139 98
140.859 104.873 139 104
66.6501 115.418 68 118
148.792 116.198 148 118
92.6289 116.033 92 118
123.71 117.835 124 118
80.5443 110.464 80 112
79.64 119.198 80 121
136.902 110.017 136 112
137.229 120.951 136 121
79.7085 113.527 80 116
138.511 114.814 136 116
93.7821 153.375 94 153
124.241 154.602 126 153
110.019 150.268 112 151
109.507 162.275 111 161
86.1872 178.144 90 183.1
132.557 177.661 131.6 182.3
110.109 173.736 111 177
109.15 177.708 111.3 183.5
109.823 181.583 111.3 184.3
110.489 188.542 112.1 195.4
110.911 215.98 111 221
